4
108;8;8;8
0.695000
0.003274
-0.985037
-0.541857
-0.203876
0.408826
0.378295
-0.302124
0.018374
0.671000
-0.662343
0.544649
0.077893
-0.299715
-0.827776
-0.075389
-0.597819
-0.305584
-0.759000
0.801058
0.823262
-0.487568
-0.904418
0.728892
1.365910
0.017250
-0.166525
0.197000
-0.920909
0.358693
0.004652
-0.658499
-0.066911
-1.038871
-0.730121
0.283430
0.089000
0.156902
-0.165961
0.957389
0.869743
-0.193457
-0.778010
-0.395429
0.361872
-0.464000
0.296498
-0.573574
-0.558839
0.354350
0.572767
-0.376131
-0.540599
0.174331
-0.058000
0.356968
0.832586
0.046531
0.763400
-0.004763
0.313835
-0.565516
0.062339
0.547000
-0.284998
0.218972
-0.359581
0.384725
0.196202
-0.472387
-0.742414
-0.143296
0.070000
-0.471922
-0.851843
0.153577
-0.563922
-0.218621
1.139276
-0.904825
0.506053
0.057000
0.275511
0.953573
0.480066
-0.589699
1.114241
-0.239221
0.122735
-0.526881
0.839000
0.210015
-0.160400
0.070972
0.420208
-1.019362
0.015844
0.534600
-0.835009
-0.889000
-0.263962
-0.035254
0.230045
-0.143614
-0.038629
0.810582
-0.781313
0.205720
-0.587000
-0.380713
0.399947
-0.049121
0.027718
1.525643
-0.640998
-0.649213
0.364505
0.926000
0.710290
-0.541271
0.060418
0.566730
0.470495
-0.381310
-0.098219
-0.293495
0.990000
-1.004468
0.087132
-0.603148
0.151559
-0.025541
-0.033152
-0.960903
0.640445
-0.331000
-0.432194
0.085077
0.679485
-0.595079
0.527825
0.053050
-0.086949
-1.126176
0.243000
0.242564
-0.645503
0.005273
-0.812769
-0.457034
0.713703
-0.927829
0.213015
-0.857000
-0.021921
0.174394
-0.514044
-0.445680
-0.248227
-0.258940
-0.121049
-0.271489
-0.745000
0.056396
-0.120888
0.590634
0.076805
0.159420
-0.456604
-0.451796
0.217467
0.223000
-0.253484
0.000105
0.309626
-0.271243
-0.476338
0.462147
-0.456095
-0.017957
0.435000
0.317635
-0.657188
-0.235719
0.878456
0.351374
0.811544
-0.561276
0.108505
-0.888000
-0.880128
-0.295504
-0.118319
-0.428209
-0.059956
-0.845407
0.396228
-0.539659
-0.247000
0.767504
1.346668
0.569987
0.601746
0.640760
-0.042499
-0.643197
0.253928
-0.627000
0.461706
-0.108436
-0.278238
0.531748
-0.523019
0.731994
0.421865
-0.771438
-0.672000
-0.206803
-0.648430
0.022907
0.569326
0.541768
-0.366608
-0.132442
0.686762
-0.891000
0.239166
-0.118708
-0.599825
0.148509
0.783770
-0.640806
0.972614
-0.190231
-0.645000
-0.977869
0.323112
-0.092017
-0.902377
-1.055926
-0.005111
0.964325
-0.062944
-0.701000
-0.629077
-0.661676
0.412486
0.908957
-0.422882
0.927451
-0.388346
0.552692
-0.064000
-0.280077
-0.443208
-0.232427
0.478790
0.142279
-1.639415
-0.513217
-0.467382
0.445000
-0.029779
0.551571
0.112223
0.607823
0.306198
0.952334
-0.097056
-0.430005
0.570000
-0.913530
-0.975306
0.917087
0.492469
-1.059702
1.207215
-0.921332
1.079497
0.848000
-0.789114
0.342238
0.043913
0.529966
0.052511
-0.082866
0.941493
-0.418182
0.638000
0.511031
0.251112
-0.146157
-0.618628
-0.056247
0.506465
-0.578616
-0.111818
0.713000
0.475931
-0.545986
0.121080
-0.101499
-1.632957
-0.511176
0.157431
1.074559
-0.749000
0.599793
0.112086
0.261758
0.093179
-0.064527
0.490692
-0.679878
0.068206
0.835000
-0.030053
0.193585
0.559717
-0.057384
0.718246
-0.458516
0.820443
-0.021123
0.283000
-1.015368
-1.044737
-0.684280
-0.813056
0.307633
-0.796714
-0.741682
-0.718989
0.483000
0.170311
0.150503
0.735599
0.127711
-1.886793
0.578309
-0.501814
-0.563282
0.991000
-0.587369
-0.275752
-1.005334
-0.253496
0.683088
1.357112
-0.444784
0.553574
-0.200000
-0.024725
0.115209
0.033599
0.524874
0.196500
-2.927780
-0.865554
0.220107
0.706000
-0.024722
-0.668527
0.068350
0.740838
0.054472
0.016278
-0.446547
-0.183969
0.565000
-0.804404
0.891417
-0.726634
0.057881
0.425882
0.038677
0.204392
0.169291
-0.348000
-0.733801
0.960287
-0.152633
0.079294
-0.924757
-0.811763
-0.254674
0.465757
0.596000
-0.713567
-0.368806
-0.193750
0.643884
1.353926
0.753725
0.370869
-0.439711
0.563000
-0.595655
0.859965
0.516687
-0.310581
-1.346491
-0.936509
0.088491
-0.679901
-0.309000
0.322808
-0.440557
0.285888
0.230642
-2.652748
-0.122973
-0.844333
1.367639
0.363000
-0.242891
0.215139
-0.670331
0.008403
0.341412
1.098429
-0.037718
-0.668631
-0.966000
-0.467101
0.296718
0.515250
0.022653
-0.160267
-0.152057
-0.961323
0.346505
-0.978000
0.371625
1.057935
0.098109
-0.800480
-2.144660
0.442319
0.345561
2.332243
-0.737000
-0.081133
-0.243767
-0.102572
0.511262
1.290265
0.543580
0.803675
-0.467677
-0.802000
-0.980454
1.021961
0.738767
0.440456
-0.934904
-0.446236
0.321847
-0.079327
0.734000
-0.565994
1.017099
-0.390527
0.751668
-0.371618
0.661630
0.102180
0.277568
0.425000
-0.138843
-0.413231
0.149781
0.756148
-0.230787
0.990571
0.456668
0.736937
0.252000
-0.147144
0.174178
-0.420152
0.777333
0.578170
-0.293930
0.052888
0.298486
0.889000
-0.440977
0.987611
-0.867396
-0.006349
0.712168
-1.331352
-0.819266
-0.058325
0.122000
-0.700511
-1.035882
-0.351107
-0.820748
-0.372398
0.341795
-0.406223
-0.413178
0.988000
-0.399186
-0.554020
1.562881
-0.145294
0.479442
-0.131805
0.808325
0.385693
-0.120000
-0.953244
-1.034642
-1.675825
-0.364033
1.237223
-0.093005
-0.940719
-0.706440
-0.505000
-0.859703
0.695555
0.722333
0.555203
1.772026
0.716487
0.430583
0.625626
0.258000
-0.114834
0.853750
0.551818
0.800959
0.571375
-1.097418
-0.807251
-0.511415
0.146000
-0.409434
0.742682
-0.420778
0.153009
-1.439781
0.720230
0.073279
-0.313508
-0.787000
0.422320
0.726305
-0.539785
0.576393
0.908009
1.414581
0.261561
0.267301
-0.094000
0.836672
0.979856
1.462499
0.960375
0.434608
-2.068966
-0.449897
0.381838
-0.336000
0.047010
0.225973
-1.190310
0.634241
-1.019068
0.645856
0.159075
0.208867
-0.157000
-0.708271
0.205253
-1.398949
-0.036009
1.398127
-0.102233
-0.578780
1.021008
-0.238000
0.725131
-0.056245
1.473401
0.871902
-0.660302
-1.714437
0.488802
-1.021376
-0.629000
0.746489
-0.314960
-0.648126
0.714051
-0.301534
0.651846
0.403959
0.031714
0.594000
0.491674
-0.292778
-0.148637
-0.531979
0.642961
1.501511
-0.009754
0.068339
0.164000
0.804342
-0.603431
1.196884
-0.021129
-1.285820
-2.257878
-0.695312
-0.639909
-0.277000
0.300047
-0.399697
-1.107946
0.475831
-1.397068
0.218782
0.967906
-0.825298
0.126000
-0.001492
0.072867
0.419854
0.381273
0.182444
1.020197
-0.405823
0.802862
-0.844000
-0.207794
-0.790348
-0.576980
0.029671
-0.080108
-0.206711
0.071157
-0.444532
0.808000
-0.420688
-0.365313
-0.040220
0.290995
0.921866
-0.264617
-0.078584
-0.367379
0.460000
-0.453254
-0.637843
0.329407
0.153742
-0.633925
-0.363074
-0.089040
-0.296881
-0.884000
-0.928246
-0.403952
0.031027
0.743958
0.664036
-0.394099
0.114325
0.206278
-0.507000
-0.632468
-0.123465
0.098680
0.241410
0.106795
0.956113
-0.808356
-0.599156
-0.415000
-0.232676
-0.142939
-1.418500
0.151462
-0.288761
-0.584004
0.981539
0.389082
0.371000
0.652837
0.075561
0.715302
0.892258
-0.383925
-1.171389
-0.181689
-0.500930
-0.895000
-0.723899
-0.867806
-0.254538
0.162050
0.481823
1.208588
0.957321
0.777762
-0.817000
-1.003831
-0.554544
-2.186537
-0.807225
-0.537199
0.188535
-0.316217
0.196122
0.942000
-0.773574
0.215922
2.418879
-0.312171
0.137164
-2.533736
-0.875920
0.165771
0.727000
-0.186062
1.037320
-0.313746
-0.036865
1.495192
1.816103
-0.784101
-0.585556
0.426000
-0.427271
-0.447521
-0.748561
0.583379
1.118498
0.377224
-0.577514
0.716603
-0.470000
0.757984
0.147107
2.488998
0.710326
-0.122599
-1.122672
-0.300337
-1.291572
0.403000
0.137065
-1.029112
-1.671629
0.782250
0.661617
0.797620
-0.355234
-0.358498
0.866000
-0.083017
-0.559338
-0.871960
-0.385097
0.951904
0.012350
-0.117764
0.357449
-0.579000
-0.550037
-0.647368
1.153835
0.669396
-0.872879
-0.678944
0.961083
-0.277510
-0.534000
-0.630293
-0.608860
0.068856
-0.232251
0.312816
1.054050
-0.586162
-0.573127
0.735000
0.661834
0.693986
-0.843847
0.980480
-1.405889
1.240070
-0.827434
1.016672
0.371000
-0.416763
-0.405372
1.144144
0.707542
0.010429
-1.925190
-0.593871
-0.781082
-0.186000
-0.766032
-0.524388
-0.005547
-0.106876
-0.368795
1.372848
0.315852
-0.611816
0.439000
0.673301
-0.529416
-0.497179
-0.870640
-0.617343
-0.804730
0.345801
0.641092
0.689000
-0.410429
0.571646
1.220423
0.737905
1.235392
0.176236
0.571909
0.569705
0.555000
-0.692482
0.648238
-0.799194
-0.659075
-0.974080
0.501193
-0.134918
-0.949310
-0.425000
0.326571
-0.560937
-1.185722
0.943116
-0.208841
-0.320110
-0.670577
0.315003
0.259000
-0.615692
0.639516
0.768039
-0.117627
0.585125
-0.672845
-0.312086
-0.031544
0.896000
0.183181
-0.390024
0.394519
-0.828628
-0.626586
1.740035
-0.287633
-0.053891
0.699000
0.754746
-0.353586
-0.258830
0.070744
-0.054230
-0.018523
-0.310926
-0.435153
0.757000
0.475359
0.560694
1.706322
0.857431
-0.343106
0.441118
0.927946
0.527070
0.060000
0.435470
-0.429769
-0.868353
0.111196
0.789373
-0.473317
-0.417460
-0.401203
0.250000
-0.012782
0.451943
-0.313505
-0.568642
-0.487426
0.222906
-0.810838
0.153052
0.294000
0.125907
-0.598429
0.559648
0.147496
0.474394
-0.260546
-0.836914
0.193436
0.871000
-0.520352
-0.632759
-0.962776
0.922514
0.070298
-0.645063
-0.337994
-0.266020
-0.426000
0.035698
1.210204
-0.872422
0.683611
0.442416
-1.003402
-0.270819
0.412555
0.877000
0.460141
-0.677876
1.914337
0.228712
-0.161572
0.338777
-0.749826
-0.382014
0.055000
0.097205
-0.719494
-0.628521
-0.332855
0.544661
0.572800
0.844694
-0.347649
0.040000
-0.986304
0.612484
-0.987433
0.847819
0.232861
-1.806880
-0.467245
-0.074247
-0.133000
-0.781348
0.694089
0.510753
0.139706
0.168965
0.687621
-0.194126
-0.072511
-0.240000
-0.951212
0.626930
0.157676
-0.576626
-0.219417
1.126327
-0.324251
0.690309
0.653000
1.777294
1.474407
-0.017832
-0.619585
-0.329756
0.380257
1.273291
-0.922759
-0.261000
-0.407637
-1.183560
0.181888
-0.117045
-0.462690
-0.773600
-1.737634
0.304374
0.764000
-0.837176
-1.319147
0.787692
0.148527
-0.579734
-1.117733
-0.463232
-0.128568
-0.388000
-3.574822
3.072358
-0.754110
-0.720206
2.092293
-3.237086
3.000386
-1.417727
-0.297000
0.658009
1.557231
-1.059613
-0.323741
0.620634
-1.011333
0.797075
-0.061863
0.837000
-0.204244
-1.405202
-0.551220
-0.249876
1.084591
0.445646
-1.690964
-0.229511
0.085000
3.044799
2.057476
0.074949
-0.238315
1.961250
-0.343055
-2.491273
-2.045104
0.103000
-0.973781
-0.473662
1.697968
-0.417250
-1.052938
0.471340
-1.901995
0.610415
-0.776000
-0.175273
2.060706
-1.127362
-0.448577
1.212817
1.012679
-1.790956
0.002060
0.303000
0.073236
0.136515
0.024075
1.128633
-0.122373
0.489110
0.199079
0.597457
0.688000
0.002893
0.035133
-0.696042
0.004972
-0.002947
-0.029918
0.010779
0.526741
-0.278000
-0.939412
0.020110
-0.004994
0.004668
-0.066726
0.110440
0.593216
0.000844
0.306000
-0.863506
0.232669
-0.660299
0.000501
0.260529
0.479804
0.253922
0.611568
0.245000
-0.018205
-0.008487
-0.051511
0.002876
-0.675832
0.744619
-0.185483
0.040806
-0.334000
-0.024052
0.512414
-0.021945
0.011589
-0.231753
0.287453
-0.801567
0.036948
-0.810000
0.012691
0.029201
0.026463
-0.009728
0.350637
-0.013634
0.056237
-0.523617
0.267000
0.018360
0.044252
0.018276
-1.126980
0.267453
0.140130
0.033871
0.004632
0.159000
-0.032633
0.495594
-0.016822
0.019347
-0.261232
-0.110690
-0.129116
0.012465