2
192;8
0.196000
0.003170
-0.065482
-0.263095
-0.575991
0.539842
0.877442
-0.254651
-0.396032
0.123000
0.252431
-0.253526
-0.020690
-0.424572
0.173848
0.527770
0.508781
-0.146313
-0.100000
0.394798
0.076429
0.740430
0.221175
-0.845161
-0.729100
0.343898
0.042498
-0.286000
-0.685358
-0.172519
0.087789
0.096318
0.664197
-0.549541
-0.211606
-0.628318
0.450000
0.626526
-0.375687
0.751177
-0.540252
0.954141
-0.748111
0.230563
-0.508063
-0.095000
0.345175
-0.037038
-0.839078
0.995118
-0.251624
-0.136168
-0.236133
0.719277
0.832000
0.125111
0.746861
-0.246414
-0.281282
0.294080
0.687655
0.708077
-0.249457
-0.225000
-0.104914
-0.601273
-0.022404
0.692062
-0.209223
-0.052421
-0.676532
1.096890
-0.098000
-0.261485
0.799690
-0.451509
-0.609265
0.610480
0.725471
0.891578
-0.572856
-0.190000
0.072588
0.017223
0.848133
0.631052
-0.382089
-0.161981
-0.878679
0.492096
0.385000
0.242012
1.214592
-0.138971
-0.730268
0.052492
-0.744933
1.004650
-0.837414
0.953000
-0.017268
-0.417177
-0.373413
0.727350
-0.316780
1.064397
-0.851707
0.907477
0.974000
0.439544
-0.741016
0.658739
-0.228190
0.785962
-0.810507
-0.498064
0.581297
-0.160000
-0.724171
-0.550090
-0.467902
-0.440003
0.840202
-0.207977
-0.703904
0.574437
-0.627000
-0.356708
-0.539249
-0.492733
0.002042
-0.214990
-0.435901
0.055428
-0.554839
0.992000
-0.347015
-0.625068
0.429116
-0.257982
-0.703048
0.406508
0.400411
0.125666
-0.982000
-0.057420
-0.447634
0.951378
-0.733383
-0.382417
0.454221
-0.211037
0.567078
0.841000
0.679175
-0.647147
0.546144
0.097645
-0.191156
-0.020089
-0.138466
0.796098
0.825000
0.429213
-0.376346
-0.718168
0.629457
-0.009201
1.240772
-0.614690
0.206246
-0.241000
0.375549
0.810611
0.636245
-0.235348
-0.577249
-0.181530
0.737869
-0.777085
0.969000
-0.013334
-0.052407
0.015231
0.670674
-0.881433
-0.453867
1.188310
0.292404
0.461000
-0.888877
0.782355
0.009043
0.181920
0.572327
-0.520789
-0.342343
0.483645
-0.970000
-0.261068
-0.521400
-0.792501
-0.534385
0.492216
0.041558
-0.759207
0.422860
0.678000
-0.007984
0.647270
-0.616661
0.099177
0.516006
0.665536
0.802327
-0.167456
-0.672000
0.034009
-0.691867
0.696134
0.474697
0.144779
0.492392
-0.113756
-0.970133
0.212000
-0.176339
1.021853
-0.500860
-0.486300
-0.161163
1.007640
0.362617
-0.262030
0.048000
-0.273789
0.764567
-0.666681
-0.187821
0.284846
-0.040661
0.215930
-0.723822
-0.580000
0.478460
-0.043032
0.098153
-0.147174
-0.797212
-0.584142
0.186537
0.873369
-0.825000
-0.166711
0.734591
-0.658698
-0.103304
-0.723232
-0.405852
0.674198
0.367892
-0.405000
0.077181
-0.264118
0.385475
-0.316504
-0.110479
0.145608
-0.595962
-0.507483
-0.662000
0.697819
0.359276
-0.402883
0.080220
0.618150
-0.502290
0.112144
0.594936
-0.196000
-0.719290
0.251006
0.417471
0.086357
-0.462962
0.001235
0.339285
-0.534061
-0.335000
-0.500359
-0.865521
1.045508
-0.460852
0.788954
-0.445878
0.274450
-0.186070
0.824000
0.295272
-0.489340
-0.831805
0.107905
-0.671750
0.383900
0.309867
-0.727667
-0.010000
-0.313567
0.017710
-0.636287
-0.125654
-0.593196
-0.232817
-0.671996
0.422406
0.994000
-0.122353
-0.326992
0.629916
0.737303
-0.947609
-0.161416
0.229554
-0.764270
-0.924000
0.188132
0.731261
0.689572
-0.547371
0.752633
0.227427
-0.404689
-0.045742
-0.169000
0.689958
0.079439
-0.685598
0.103894
-0.711562
0.281632
0.278120
-0.740598
-0.356000
-0.336056
-0.759693
0.660341
-0.866774
0.637047
-0.648811
-0.575821
-0.684785
-0.115000
0.416577
0.514464
0.169980
0.705812
0.502067
0.888959
-0.074110
0.438479
0.933000
-0.345575
-0.061078
-0.525207
0.212663
0.809940
-0.564764
-0.543451
-0.176466
0.986000
-0.289042
-0.720803
0.283047
0.572235
0.147592
0.279415
-0.474387
-0.323649
0.621000
-0.901973
0.509447
-0.790432
-0.791009
-0.670482
-0.342988
0.466163
0.157568
0.700000
0.617904
0.750099
0.150396
-0.558561
0.672957
-0.533877
0.485493
0.582016
-0.269000
0.128340
-0.321776
-0.065943
0.759344
-0.402175
-0.239108
-0.692362
-0.562848
-0.450000
0.710707
0.815234
0.113753
-0.946649
-0.834831
-0.142229
0.019567
0.647016
0.301000
0.144134
-0.626382
0.495131
-0.489923
0.123443
-0.274613
-0.495853
-0.615966
0.318000
-0.157114
-0.590484
0.481578
0.318036
-0.148776
0.292002
-0.270071
-0.759591
0.002000
-0.457383
0.721177
0.360040
0.733685
0.193624
0.074054
-0.569249
0.344752
-0.487000
0.313638
0.503789
-0.330727
0.523781
0.841508
0.466493
0.383681
0.678605
0.094000
0.593550
0.261164
0.924058
0.798186
-0.518584
0.842015
0.169438
-0.333581
-0.608000
-1.042940
-0.062989
-0.579251
-0.978152
-0.367545
-0.195586
-0.703885
-0.709387
-0.197000
0.179326
-0.722008
-0.508811
0.878582
-0.599489
-0.148133
-1.042763
-0.844542
0.112000
-0.810566
0.227970
0.360270
0.588753
0.174706
-0.294253
0.420109
0.013621
0.105000
0.448794
-0.549083
-0.265256
-0.192478
1.126129
0.030813
0.817086
0.287894
-0.276000
-0.442781
1.024097
0.122625
0.037782
-0.347389
0.076686
-0.401141
0.636637
-0.871000
-0.534040
0.454958
0.162075
0.063593
-0.545816
-0.433837
0.359402
0.716905
-0.083000
0.059316
-0.115831
-0.862456
-0.159905
0.223395
-0.042005
-0.860614
-0.507014
0.282000
-0.377578
-0.454124
0.825578
0.688121
0.676143
-0.340144
0.798332
0.119460
-0.322000
1.101450
-0.856605
-0.358137
-0.475163
0.749831
0.517001
0.087980
0.109762
0.553000
-0.602725
-0.309327
0.537697
-0.685075
-0.768701
0.109166
0.665173
0.137318
-0.537000
0.266908
-0.629529
-0.082796
0.844242
-0.454803
-0.124969
-0.200246
0.009129
-0.380000
-0.830459
0.772588
1.001383
0.496839
0.262557
1.022280
0.304044
0.669470
0.205000
0.524845
0.616537
-0.812834
-0.557330
0.584970
0.015074
-0.226640
-0.339621
-0.988000
1.043749
-0.490390
-0.823470
0.708480
-0.939054
-0.756499
-0.203310
-0.668031
0.014000
-0.380010
-0.656957
-0.545189
-0.391862
0.575789
-0.100147
0.085985
0.529917
0.207000
0.204377
0.072827
0.783650
-0.769613
0.719952
-0.505723
-0.148614
0.246967
-0.938000
0.166194
0.521151
-0.662457
0.294385
0.537022
-0.520050
-0.214402
-0.015064
0.125000
0.593249
0.822747
0.790069
0.211031
0.405655
0.033040
0.723472
0.130502
-0.754000
-0.511247
-1.016070
0.117252
0.302549
-0.029617
-0.519068
0.335955
0.104173
-0.797000
-0.738659
0.002077
0.830538
-0.890915
0.256374
0.760792
0.299947
0.445830
0.964000
0.643765
-0.337602
-0.770390
0.613778
-0.683504
0.341469
-0.156099
0.457460
-0.191000
0.101544
0.543157
0.046995
-0.236722
-0.329165
-0.525653
0.488748
-0.380924
-0.671000
-0.127616
-0.348032
0.780005
-0.740650
-0.390989
-0.810889
0.258138
0.699173
0.219000
0.111190
-0.850954
0.312887
-0.460658
0.280564
-0.488242
-0.627580
-0.675986
0.168000
-0.367200
0.425780
-0.028801
0.762698
0.502087
0.261679
-0.364658
0.848679
-0.796000
0.830355
0.254095
-0.050346
-0.453842
-0.206958
0.596047
-0.116222
-0.833189
-0.155000
-0.501413
0.266698
-0.654851
0.862602
0.442841
0.424683
0.231820
0.509669
0.297000
0.521267
-0.025540
-0.434458
0.210950
0.041928
0.710911
0.524636
-0.063722
0.204000
-0.575674
0.978324
0.737480
-0.087843
-0.323117
0.766485
0.314620
0.205734
-0.181000
-0.598495
-0.393875
-0.385391
-0.530897
0.199935
0.731954
-1.006891
-0.184547
-0.232000
0.725961
-0.543145
0.356976
-0.307450
-0.714382
-0.180744
0.486952
-0.171546
-0.974000
-0.339937
0.112274
-0.718842
0.086271
-0.773198
-0.629925
0.090755
0.632799
-0.985000
0.034874
1.095599
-0.459645
-0.053177
0.114095
0.786336
-0.208208
0.656044
0.578000
-0.414152
-0.322490
0.872970
0.907859
-0.335030
-0.923362
-0.216829
-0.327632
-0.272000
0.209432
-0.496494
0.972550
-0.666725
0.825717
0.669995
-0.490287
-0.174315
-0.524000
0.052190
-0.839843
-0.739040
-0.388246
-0.664825
-1.045066
-0.354895
-0.031291
0.375000
0.862584
0.956073
0.419794
0.630604
-0.454881
0.807318
-0.317951
-0.333448
0.476000
-0.465557
-0.795577
-0.118414
0.478801
-0.968877
-0.976842
0.626202
0.451699
0.782000
-0.888630
0.175441
-0.577187
0.279852
-0.429609
1.001044
0.286709
-0.471471
0.983000
0.085015
0.343517
0.331136
-0.346743
0.836075
-0.438569
0.394939
-0.894880
-0.441000
0.968919
0.366141
0.685606
-0.979130
-0.146678
0.615183
-0.913492
0.624528
0.273000
-0.419893
-0.321181
0.375460
0.589216
-0.684115
-0.050320
0.470196
-0.351053
0.272000
0.124402
0.790775
0.426140
0.300825
-0.390785
0.313760
0.174122
-0.015758
0.363000
0.719351
0.179454
-0.744449
0.182686
0.197948
0.192961
0.077340
-0.551518
0.623000
-0.485714
0.349544
-0.328041
-0.011173
0.246020
-0.286411
-0.315167
0.768661
-0.610000
0.133759
-0.433212
-0.520153
-0.425085
0.131622
-0.604892
-0.669096
-0.337584
-0.299000
-0.166698
-0.411930
-0.039522
-0.691360
0.442681
-0.495260
0.967130
1.007792
0.276000
-0.626824
-0.642548
-0.589589
-0.125597
0.042937
-0.298985
-0.826748
-0.645594
0.530000
-0.136153
-0.687345
-0.651732
-0.014588
-0.676240
0.723710
0.745739
-0.419374
-0.745000
0.317941
0.083866
-0.338987
-0.201040
-0.565988
-1.003222
-0.328902
0.230888
0.392000
0.413395
0.220866
0.639419
0.003033
-0.308819
0.791186
-0.728630
0.036259
-0.132000
0.534922
0.736535
-0.595800
0.488682
-0.382563
-0.788574
0.916618
0.726535
0.175000
0.814652
-0.368342
0.167957
-0.631553
0.359385
0.807174
0.699129
-1.016949
0.901000
-0.343316
0.736651
0.071021
0.777977
-0.576104
0.446928
0.632811
0.692169
-0.646000
-0.429618
0.372021
0.226363
0.255754
0.437344
-0.661912
0.057864
-0.272900
-0.457000
0.656971
-0.869171
-0.677832
0.078615
-0.345975
-0.272602
-0.048729
0.179363
-0.017000
0.295498
0.224751
0.384829
-0.058142
0.158863
0.455417
0.889939
-0.057989
-0.515000
0.369850
-0.740864
0.210195
-0.024765
0.819839
-0.493965
-0.463550
-0.439982
-0.631000
-0.726945
-0.845985
0.076965
1.066508
0.623947
0.697971
-0.407946
0.321674
-0.554000
0.041178
-0.931458
0.840105
-0.060143
-0.182954
-0.784985
0.325975
0.254777
-0.174000
-0.171907
0.710603
-0.934888
-0.042977
0.683995
0.068266
-0.859913
-0.136830
-0.249000
0.574021
0.366481
-0.460002
-0.216853
0.576442
-0.869400
-0.958464
0.775653
-0.881000
0.370845
1.024721
-0.659416
-0.781613
0.421553
-0.337157
0.607896
-0.693367
0.577000
-0.180771
0.129779
0.472917
1.022705
-0.430427
-0.516572
-0.771072
0.702267
-0.170000
-0.368284
0.480614
-0.305686
0.230705
0.069163
0.238804
0.342255
0.109498
0.445000
-0.763103
-0.689375
0.686879
-0.409314
-0.301625
0.019037
-0.395272
-0.063777
0.128000
-0.418120
-0.681174
0.384435
0.757864
-0.056910
-0.425158
0.341680
-0.227902
0.605000
-0.442264
-0.160885
-0.194631
0.362081
0.379979
0.036095
-0.555946
0.498761
-0.965000
-0.398335
-0.153624
0.163236
0.585847
0.775917
0.204848
0.530459
-0.414528
0.561000
0.579188
-0.175361
-0.311293
-0.802173
-0.462098
0.875110
0.690147
-0.460924
0.521000
-0.650748
0.537853
0.847255
-0.276982
-0.124488
0.828955
-0.213471
0.064225
0.775000
0.596316
-0.962020
0.691291
0.410075
0.242754
0.009503
-0.275263
-0.274854
0.365000
0.357248
0.001340
-0.482589
0.560094
-0.376274
0.382109
0.140718
-0.210403
-0.422000
0.019933
-0.958606
0.719890
-0.413163
0.361738
-0.735538
0.072597
-0.722070
-0.148000
0.318540
0.569769
-0.386492
0.215493
0.942648
-0.482716
-0.077670
0.841266
-0.705000
0.071810
-0.550787
-0.154536
-0.470032
0.202866
-0.335674
-0.547911
-0.321190
-0.599000
0.294113
-0.787858
-0.354507
-0.376946
-0.228665
0.611142
0.943079
0.048570
0.559000
0.522189
0.808821
-0.687085
0.042046
-0.584314
-0.395258
0.208530
0.530071
-0.271000
-0.615404
0.664819
-0.366211
0.678164
0.513823
0.437486
-0.221530
-0.438227
0.460000
-1.002127
0.905813
0.424964
-0.750313
0.649883
0.682950
-0.909076
-0.681942
-0.667000
0.630690
-0.172331
0.009431
0.645116
-0.156332
-0.572511
-0.511748
0.952870
0.384000
0.126479
-0.390299
0.019377
-0.008125
-0.777675
-0.529553
0.858808
0.240293
0.183000
-0.499155
-0.823870
0.016682
-0.484951
-0.377782
-0.435827
0.186378
-0.782658
-0.535000
0.127711
0.671998
0.227663
-0.139474
-0.734424
0.310144
-0.473799
-0.167613
0.528000
0.083042
0.864932
0.258598
-0.340727
0.544004
-0.096962
0.561411
0.530479
0.055000
-0.365441
0.416675
0.302674
-0.461085
0.643964
-0.584502
0.505678
-0.702638
0.723000
0.749615
-0.570169
-0.765782
0.872280
-0.038230
-0.137434
-0.107339
0.391107
0.167000
-0.012653
0.607369
0.222216
-0.453597
-0.470259
0.691131
0.407051
-0.574179
0.672000
0.670690
0.872748
-0.367031
0.333682
0.061277
0.757918
-0.062781
-0.140716
-0.191000
-0.936697
-0.704318
0.583853
0.135358
0.923292
0.851110
-0.017210
-0.111394
0.074000
-0.612173
-0.447950
-0.511177
0.235846
-0.423142
-1.083734
0.489213
0.696667
-0.187000
-0.113283
0.186541
-0.115236
0.001216
-0.635697
0.660633
0.107547
0.768988
0.369000
0.454318
-0.379164
-0.358057
-0.804325
-0.550273
-1.062133
-0.078637
-0.585983
0.830000
0.141578
0.715492
0.179053
-0.365016
-0.725386
-1.117884
-0.314911
0.483117
-0.194000
0.474563
-0.183553
0.029483
0.069844
0.905241
0.881999
-0.494028
-0.442804
0.097000
-0.874944
0.545553
0.285745
-0.011472
-0.033753
-0.776312
-0.318968
1.072209
0.109000
0.634413
0.631779
0.622501
0.102039
-0.499534
0.551820
-0.457547
-0.636725
0.833000
0.307294
0.685862
0.521741
0.155567
-0.636922
0.465918
1.006822
-0.474651
-0.571000
-0.451908
0.112402
0.266506
0.113985
-0.180624
0.958408
0.094579
-0.274496
-0.379000
-0.885460
0.294973
0.899228
-0.695016
-0.512710
0.252375
-0.752275
1.068207
-0.934000
0.780712
-0.478043
-0.495838
-0.507061
1.034065
-0.215678
0.478470
0.071475
-0.995000
0.225508
-0.620996
-0.696124
1.003337
0.285735
-0.393630
-0.813011
-0.298071
0.673000
-0.208040
0.621861
0.594483
-0.728039
-0.446336
0.584384
0.253920
-0.257752
-0.953000
0.518776
-0.193438
0.813926
1.127426
-0.638246
0.681279
-0.210662
-0.694053
0.672000
-0.164649
0.673925
-0.620907
0.455256
0.222479
-0.812695
0.812021
0.509336
0.271000
-0.519595
0.534090
0.551099
-0.220324
-0.759916
0.402293
-0.796161
-0.252174
-0.137000
0.338306
-0.296749
-0.491809
-0.016219
0.344496
0.738837
0.589734
0.339464
-0.086000
-0.497418
0.679843
-0.553715
-0.827470
0.653168
-0.855430
-0.210491
0.443331
-0.831000
0.794697
0.587388
-0.121560
-0.690849
-0.321171
-0.726175
-0.085131
-0.215270
-0.723000
0.237429
-0.075498
0.466293
-0.008897
-0.247969
-0.360347
0.742289
0.324127
-0.591000
-0.074002
-0.759444
-0.615618
-0.938157
-0.210041
-0.508786
-0.729999
-0.196101
0.603000
-0.915512
0.340426
-0.624849
1.070884
0.657469
0.737668
0.066500
0.304505
-0.400000
0.179843
-0.448377
0.827552
-0.304260
-1.054228
0.482008
0.854555
-0.385125
0.440000
-0.714083
0.553548
0.982102
0.879989
0.839671
-0.750979
0.623675
0.162587
-0.244000
1.046838
0.173868
-0.022765
0.555483
-0.115722
0.696933
0.520285
0.362157
-0.716000
0.344406
0.380243
-0.611492
0.716978
0.665233
0.129508
-0.486832
-0.146659
-0.706000
-0.343148
-0.820421
-0.664426
-0.668762
0.736466
-0.083030
-0.761284
0.690936
0.184000
-0.538856
0.613393
0.215026
-0.265067
-0.448720
0.669246
0.447459
-0.730811
-0.946000
-0.747970
0.862262
0.142355
0.811008
-0.203026
-0.554515
-0.269713
-0.257317
0.594000
0.594283
0.210690
-0.161418
-0.652387
0.810309
-0.006985
0.343829
-0.714330
0.230000
-0.437459
0.488538
-0.756480
0.390926
-0.318393
-0.738865
0.235828
0.288893
0.720000
-0.478437
-0.936417
0.244072
0.764890
-0.172907
-0.838381
-0.595737
0.132760
-0.881000
0.951698
0.146973
0.509124
0.700852
-0.680042
-0.309658
0.287369
-0.175611
0.940000
0.005605
0.086386
-0.670697
-0.452776
-0.014227
-0.240108
0.166989
0.750395
-0.047000
0.184714
0.232888
-0.848533
-0.408211
-0.598461
-0.012000
0.227968
0.545214
-0.223000
-0.351064
-0.617800
0.021170
-0.753417
0.387380
-0.796007
-0.732186
0.291720
-0.409000
-0.344960
0.232509
0.049092
-0.379130
0.455795
0.416373
-0.448335
0.594684
-0.807000
0.437947
0.341253
-0.051234
0.469001
-0.661878
-0.853026
-0.397849
-0.892199
-0.769000
-0.717908
-0.556804
-0.520246
-0.512013
-0.577663
-0.514393
-0.185145
0.404825
0.829000
0.992895
-0.206389
-0.400218
-0.664644
0.444433
0.151595
0.888893
-0.458469
-0.716000
-0.684749
-0.494828
0.096575
-0.107047
-0.026377
0.653392
-0.022860
0.591897
0.047000
0.326086
0.569412
-0.034965
1.014088
-0.503043
-0.211975
-0.431679
0.718257
-0.816000
-0.191547
0.611807
1.062929
0.081883
0.445907
0.351736
0.567423
-0.943597
-0.986000
0.583818
0.368037
0.419219
0.539328
0.546439
-0.796476
0.970024
0.508449
-0.081000
-0.825343
0.363784
-0.019678
-0.555900
-0.043002
-0.578156
-0.588318
-0.175497
-0.011000
0.115145
-0.563933
0.669598
0.444384
-0.316116
0.608336
-0.882760
-0.193658
-0.986000
0.203937
-0.767160
0.320946
-0.721866
-0.478236
0.736814
0.270381
-0.250442
-0.179000
0.360610
-0.206246
-0.698843
-0.683541
0.728584
0.927981
0.481391
-0.098378
-0.392000
-0.630199
0.560768
0.091040
0.156874
0.469372
0.569525
-0.044238
-0.862146
0.240000
0.622021
-0.477265
-0.145921
0.614949
0.645099
0.450057
-0.122575
-0.666006
-0.279000
-0.712843
-0.623413
-0.337233
0.555056
0.680818
0.534379
-0.364309
-0.146327
0.055000
0.581660
-0.342729
-0.450310
-0.649966
-1.118421
-0.225473
0.082250
0.888373