2
192;8
0.020000
-0.195128
0.463475
-0.152440
0.579272
-0.421057
-0.379948
-0.367493
0.034184
-0.382000
-0.639964
0.474773
0.806780
0.397889
0.071316
-0.370488
-0.564221
-0.307134
-0.537000
1.007840
0.634270
-0.740033
0.507835
0.430211
0.577239
-0.190679
-0.618052
-0.199000
0.230883
0.147349
0.954669
-0.185436
-0.237806
-0.481053
-0.224691
0.093973
-0.863000
0.408481
-0.522243
0.481392
-0.891952
-0.326527
-0.353508
0.032889
0.445437
-0.244000
-0.637866
-0.893733
-0.684198
0.667803
-0.117093
0.564264
0.141083
-0.037753
-0.007000
-0.216848
0.328226
-0.260911
-0.143662
0.309578
-0.401560
0.380632
0.397897
0.572000
-0.142139
-0.541448
0.095696
0.235605
-0.507350
0.019692
-0.429740
0.303624
-0.168000
0.811439
0.428285
0.852986
0.185160
0.448222
0.182580
-0.112234
-0.028976
0.066000
0.304565
0.167477
0.079363
0.019467
-0.127261
0.744511
-0.684143
-0.265116
0.830000
-0.562054
-0.570990
-0.352736
0.668842
0.283388
-0.462325
0.108151
-0.458994
-0.017000
0.472096
-0.739826
-0.745709
-0.512699
0.114939
0.357492
0.718477
0.781381
-0.384000
-0.729716
0.162869
-0.486980
-0.403102
0.371137
-0.396362
0.188805
0.144879
0.165000
-0.600242
0.052430
-0.160442
0.376360
0.920567
-0.835186
0.002799
-0.607103
0.708000
-0.611714
0.850055
0.302790
-0.798157
-0.143083
0.536662
0.686637
0.236901
0.373000
0.148403
0.563055
0.477403
0.795800
-0.475407
0.215413
0.418785
0.482027
0.276000
-0.296880
0.390901
-0.675563
-0.836597
-0.678749
-0.079820
-0.913280
-0.562312
-0.626000
0.029229
-0.746286
0.232943
-0.614907
-0.787477
-0.219082
0.249944
-0.782991
0.429000
-0.398511
-0.019889
0.183417
-0.474055
-0.001274
0.687831
0.594587
0.811562
-0.164000
0.923249
-0.562456
-0.212722
0.716219
-0.273638
0.346985
-0.018699
0.253598
-0.830000
-0.568388
-0.058404
0.362007
0.172901
-0.576646
0.157353
0.607357
0.612931
0.117000
0.024625
-0.430516
0.759589
-0.417580
0.174722
-0.922444
-0.193643
-0.743914
-0.021000
0.820335
0.406456
-0.390895
-0.148298
-0.041997
-0.556291
-0.756984
-0.369907
-0.684000
0.274631
-0.011515
-0.369357
0.782186
0.089296
0.265339
0.151933
-0.176201
0.301000
0.301126
0.513143
-0.474083
-0.746131
0.241063
0.200216
0.225960
-0.479589
-0.865000
-0.596440
0.700700
-0.585334
0.253429
1.021122
-0.146847
-0.110130
0.760111
0.659000
0.295281
-0.268236
0.283121
-0.801299
-0.000398
-0.083027
-0.115415
-0.058371
-0.768000
0.476022
-1.004656
-0.595088
0.681367
-0.429953
0.134418
0.690492
0.795554
0.848000
-0.025054
0.834880
-0.689581
-0.839609
-0.443647
-0.116266
0.433394
-0.396222
-0.914000
-0.262837
0.402227
0.285659
-0.945183
0.986159
0.658081
0.726008
-0.206883
-0.405000
0.596352
-0.818627
-0.118249
0.048979
-0.459085
-0.347853
-0.684724
-0.935910
0.547000
0.351475
0.995578
0.009350
0.230685
0.403679
0.121026
-0.010834
0.183770
0.442000
-0.639253
-0.735730
0.642682
0.907781
-0.637311
-0.486492
0.048127
0.936050
0.249000
0.421636
-0.083317
0.307539
-0.488360
-0.114309
-0.167342
0.306868
-0.708062
-0.713000
-0.566562
-0.155986
0.988633
-0.629050
-0.176693
-0.458619
-0.382363
-0.172243
0.806000
0.776471
-0.194128
-0.476348
-0.345511
0.484441
0.448530
-0.607409
-0.839219
-0.612000
0.024990
-0.657719
-0.809546
-0.450665
-0.086233
0.121808
-0.886172
-0.206260
0.477000
0.659309
-0.366183
0.139285
0.827979
-0.540753
0.521276
0.869514
-0.149174
0.554000
-0.337130
0.958443
0.554325
0.080843
0.625334
-0.631151
-0.600640
0.171169
-0.451000
0.803958
-0.301009
0.214001
-0.018314
0.922924
0.358399
-0.434344
0.683597
0.956000
0.130225
0.382481
-0.005250
-0.841662
0.799175
0.592315
-0.530898
-0.163275
-0.118000
-0.532659
0.568556
0.703318
0.028391
0.273002
0.080621
0.900138
0.259608
-0.142000
-0.281212
0.269924
0.411427
1.005454
-0.057885
0.324550
-0.427923
0.418665
-0.290000
0.096823
0.633024
0.418531
-0.292423
-0.786518
0.441206
0.389549
1.211267
-0.882000
0.637694
-0.810861
0.980186
0.221883
0.684169
0.081938
-0.831379
-0.066098
0.048000
-0.784171
0.074644
-0.846679
0.613499
0.527165
-0.032938
-0.068670
-0.451010
0.146000
-0.325848
-0.146131
-0.012018
0.478906
-0.823545
0.152931
0.554640
-0.013710
-0.501000
-0.738803
-0.455624
-0.496413
0.127329
1.030161
-0.339634
0.292556
-0.113082
0.099000
-0.641931
0.166512
-0.193180
-0.103539
-0.099110
-0.345362
-0.706025
0.189098
0.392000
-0.251572
-0.165007
-0.176002
-0.789578
-0.545889
0.429421
0.616888
-0.576090
-0.411000
-0.706980
0.512009
0.283428
0.437486
0.406085
-0.736600
-0.197171
-0.369572
0.922000
-0.306696
-0.472941
-1.003252
0.178520
0.074975
-0.164522
-0.460024
-0.718419
-0.928000
0.618140
-0.641764
0.869227
0.743751
-0.139587
-0.214286
-0.143395
0.318749
0.212000
0.573875
0.851102
0.910726
0.380559
-0.349643
-0.818673
-0.594043
0.584474
-0.019000
-0.610312
0.838390
-0.351604
0.347265
-0.037346
0.589834
0.756036
-0.331373
0.021000
0.050429
-0.468089
-0.341791
0.029961
-0.108163
0.494137
0.536590
0.294637
-0.623000
0.015446
0.488598
-0.873351
-0.099634
0.860408
-0.299636
0.041925
-0.065868
-0.162000
0.412861
-0.625950
-0.096093
0.006476
-0.433459
-0.002590
-0.137836
0.451971
0.299000
0.044358
0.985687
-0.735541
0.402603
-0.255499
0.059996
-0.052134
0.265267
0.569000
0.314822
-0.457429
0.564312
0.462486
0.266858
-0.692071
0.437905
0.509414
0.318000
-0.194102
-0.064827
-0.547138
0.176791
-0.128171
0.302962
-0.192303
0.778938
-0.178000
-0.087788
-0.021468
-0.267759
-0.017463
-0.674015
-0.231256
-0.281276
-0.213346
-0.783000
-1.210707
-0.658692
0.886923
-1.020641
-0.390125
0.269719
-0.156851
-0.610957
0.503000
0.573723
0.007993
0.721805
0.007507
-0.518544
-0.204314
-0.093841
-0.154380
-0.181000
-0.214152
-0.488183
-0.790800
0.138319
0.858243
-0.430545
0.033856
-0.468824
0.544000
0.608877
-0.150882
-0.344636
0.607364
-0.101003
-0.838298
-0.057572
-0.366138
-0.948000
0.434270
0.197644
-0.204812
-0.132215
-0.268984
0.703426
0.129184
0.275398
-0.477000
-0.015824
0.636929
0.356729
-0.198555
0.211588
0.053144
-0.525375
-0.246626
0.487000
-0.071832
-0.517990
0.252020
-0.223677
-0.978592
0.775924
0.472458
0.407304
-0.259000
0.471710
0.537690
-0.518626
-0.565039
0.472113
-0.162375
0.506243
-0.396962
-0.830000
0.064547
-0.210716
0.132980
0.664525
0.645435
0.440425
0.277154
-0.016320
0.317000
-0.637254
-0.591621
0.274219
0.164784
-0.572266
-0.219997
-0.400373
-0.766160
0.863000
0.409475
0.174110
0.407218
-0.530774
-0.871455
0.142232
0.160537
0.802604
-0.241000
0.152586
0.256891
-0.639626
-0.755257
-0.405645
0.616288
-0.246944
0.720764
0.439000
-0.053798
-0.040463
0.323643
0.934518
0.552263
0.476087
-0.795899
-0.196772
0.927000
-0.789223
-0.221172
0.512138
-0.121291
-0.469799
-0.053559
-0.246687
0.329689
-0.604000
0.091940
-0.293401
0.380272
-0.685673
-0.218646
0.365177
0.326355
0.209259
-0.459000
0.329590
-0.717523
0.133260
-0.568255
1.027773
-0.041764
0.292981
-0.768752
0.797000
-0.447643
-0.183610
0.458789
0.229963
-0.063836
0.003679
0.749501
0.499557
-0.742000
0.712404
-0.377560
-0.553259
-0.622410
0.153008
-0.544601
0.456599
0.351314
0.956000
-0.591100
-0.615328
-0.228440
-0.380401
-0.075137
-0.020987
-0.699182
-0.306701
-0.732000
-0.649280
0.154841
0.783663
0.797987
-0.640414
0.551849
-0.056930
-1.028630
0.307000
0.274860
-0.798779
1.083913
-1.008645
-0.020519
0.122068
0.591593
-0.498192
0.811000
-0.091569
0.197339
-0.366400
0.917763
0.226578
-0.663057
-0.304352
-0.339287
-0.839000
0.233323
0.513678
-0.017327
-0.477275
0.078283
0.162701
0.764007
-0.832074
0.493000
1.064145
0.721252
-0.578380
0.414789
0.173890
-0.085008
-0.362203
0.660611
-0.806000
-0.732738
0.475685
-0.014956
-0.445289
0.878704
-0.188653
-0.589740
0.319362
0.938000
-0.060783
0.698593
-0.759483
1.070797
0.214540
0.697880
-0.328564
0.429980
-0.408000
0.163578
-0.172153
0.619957
0.949327
-0.736888
-0.238725
0.360669
-0.332715
0.749000
0.121866
0.082037
-0.477539
-0.221456
0.095477
-0.522046
-0.559662
0.398373
-0.526000
-0.696724
-0.405988
0.645519
-0.625222
0.326449
-0.414135
-0.492338
0.298632
-0.298000
0.428173
-0.633129
-0.094346
-0.732742
0.628143
0.611387
0.377735
0.464151
-0.329000
-0.774886
0.606540
0.210572
-0.082432
0.686346
-0.844842
-0.046224
0.643431
-0.646000
0.283699
-0.088482
0.240699
0.535379
-0.340452
-0.505775
0.596078
-0.437271
-0.975000
-0.449240
0.009411
-0.548871
-0.405762
-0.707853
0.492894
-0.628956
0.091672
-0.848000
0.128328
0.616601
0.134969
1.132593
0.429359
0.474525
-0.559373
-0.477040
0.674000
1.051526
-0.430725
-0.565903
-0.559253
0.541862
-0.111549
0.550619
-0.678385
0.330000
0.246033
0.079889
-0.389009
-0.048999
0.108550
0.077971
-0.315012
0.573682
0.055000
0.041436
-0.442527
0.448710
0.962040
-0.660440
-0.430265
-0.256136
0.226911
-0.294000
0.352830
0.504810
-0.203040
-0.968613
-0.960409
0.663382
0.966774
0.123447
-0.661000
-0.033400
-0.053947
-0.484808
0.403269
-0.647836
-0.726376
0.618964
0.105996
-0.596000
0.483783
0.581329
-0.722639
0.630606
0.836604
0.103041
-0.812006
0.636960
-0.578000
0.231852
0.475010
0.112163
-0.515273
0.169351
-0.290371
-0.549774
-0.169013
0.682000
-0.218781
0.273857
-0.326108
0.067796
0.296676
0.758963
0.005630
-0.830752
0.567000
-0.646287
0.610249
-0.543580
0.269587
-0.540453
0.868547
0.618845
-0.032183
0.960000
0.102071
-0.589622
-0.600258
0.516791
0.173769
-0.945669
-0.555078
0.527341
-0.381000
-0.247697
0.745437
-0.200873
-0.947033
-0.961408
0.242478
0.151477
0.814467
0.477000
0.243858
-0.467649
0.462856
-0.161289
0.344927
-0.517568
-0.173125
0.092215
-0.821000
0.791888
0.072623
0.026651
0.992367
-0.231345
0.692089
0.259696
-0.664361
-0.732000
-0.145892
-0.196685
0.889329
-0.225860
-0.008838
0.511841
0.211229
-0.352775
-0.832000
0.021581
-0.945084
-0.443275
0.817029
-0.709333
-0.648945
1.017120
0.535603
0.836000
-0.550711
0.539677
-0.018293
-0.714867
0.795553
0.266267
-0.735958
-0.696278
-0.671000
-0.219439
-0.810273
0.488467
0.104232
0.134543
-0.626067
0.865149
-0.751737
0.244000
-0.636278
0.562331
0.713269
0.357081
-0.583514
0.552871
-0.589087
-0.519960
-0.444000
0.466213
-0.822357
-0.652252
-0.226083
0.322701
0.351721
-0.385452
0.694496
0.555000
1.088147
0.138492
0.362611
0.147045
0.346256
-0.461195
-0.387788
-0.664170
0.876000
0.587511
0.639204
-0.106632
-0.442200
0.081713
0.555489
0.773676
0.380148
-0.501000
-0.871269
-0.147627
0.614019
-0.001510
-0.559655
0.100786
-0.512250
0.608805
0.143000
-0.238911
0.069072
-0.412566
0.256355
-0.643015
-0.842266
-0.051689
0.653061
0.856000
-0.054035
0.593881
0.719251
-0.469169
0.441025
-0.516351
0.686303
0.732526
0.505000
-0.344653
-0.008162
-0.437473
0.353328
-0.020309
0.350373
0.426729
-0.990199
0.489000
-0.077785
0.035073
0.469970
0.094648
0.240450
-0.814110
0.295097
-0.475746
0.438000
0.448087
-0.398041
-0.639367
0.882894
0.497583
-0.745447
-0.562695
0.766032
-0.270000
-0.274146
0.526645
0.058342
0.505396
-0.237968
0.955692
0.808944
-0.749992
0.643000
0.541642
0.344743
-0.489194
-0.591468
0.183748
0.865500
-0.536753
0.049692
0.366000
-0.003013
0.745209
0.458110
-0.713098
-0.174667
-0.218855
0.559667
0.122835
0.694000
0.199706
-1.159185
0.116577
-0.925365
0.545826
-0.320200
-0.693898
-0.722592
-0.751000
0.300242
-0.328892
0.333285
-0.118031
0.382229
-0.162630
-0.665128
-0.157229
-0.121000
-0.810563
-0.154698
0.696509
-0.101592
-0.266032
0.553124
-0.075318
-0.351456
0.598000
-0.550978
0.632405
0.408017
0.747453
0.174168
-0.473875
0.898960
0.518398
-0.847000
0.558788
0.640027
0.594185
0.332753
0.335240
-0.094872
-0.432093
0.754706
-0.664000
0.633218
-0.404097
-0.882631
-0.606652
-0.431028
-0.468682
0.481644
-0.425193
-0.610000
-0.876843
-0.185524
-0.568053
0.596895
0.156261
-0.247876
-0.306350
-0.060424
0.880000
-0.642644
-0.057724
-0.337423
-0.568899
-0.168805
0.089606
-0.052319
-0.382471
-0.368000
0.306635
-0.739668
0.685132
-0.271607
0.465653
-0.038723
0.605468
0.194055
0.359000
0.657758
0.591785
-0.169617
0.072887
-0.558563
0.088854
-0.110093
0.693192
-0.338000
-0.178929
0.784297
-0.140859
0.600396
-0.268996
0.558263
0.686235
0.648379
0.787000
-0.143817
0.127994
0.318959
-0.773790
-0.638421
-0.232594
-0.562262
-0.728237
0.073000
0.819588
-0.525375
-0.849119
0.857101
0.374532
-0.622967
-0.731233
0.529372
0.828000
-0.488937
0.006254
-0.344086
0.580177
-0.103492
0.699728
0.038044
0.585698
-0.451000
0.041366
-0.679129
-0.588368
-0.448364
0.531334
-0.330920
0.606958
-1.029697
0.367000
0.338117
0.142168
0.556563
0.152255
0.234699
-0.018791
-0.385285
-0.178233
0.165000
0.024494
0.183261
0.325731
-0.395657
0.194637
0.321956
0.098311
0.349717
-0.289000
-0.353944
-0.894036
-0.452818
0.196876
0.182252
-0.317433
-0.274213
0.020817
-0.598000
0.170807
-0.453059
-0.451854
-0.070791
-0.146506
0.422540
0.423824
0.369403
-0.014000
-0.682514
-0.758384
-0.560153
-0.745856
-0.621180
0.347813
0.168031
0.647455
-0.291000
0.124792
-0.394248
0.807107
-0.202862
0.489157
-0.006228
0.674130
-0.649796
-0.821000
-0.151858
-0.795309
-0.040451
0.443234
-0.863922
-0.199240
0.823383
0.539397
-0.599000
-0.026583
-0.810662
-0.937003
-0.044482
-0.848745
0.577373
-0.343208
-0.454197
-0.849000
0.272136
0.690751
0.425108
-0.358349
-0.415448
0.529312
0.118912
-0.448846
-0.154000
-0.603970
0.554633
0.329741
0.823791
0.651965
0.828006
-0.655883
-0.018226
0.748000
-0.408684
-0.311877
0.274217
-0.455452
0.665019
-0.243445
0.382083
0.491049
-0.057000
0.378446
0.142057
-0.156366
-0.423070
0.741655
-0.234480
-0.505022
0.356201
-0.848000
0.888103
0.730849
-0.182653
0.250555
-0.424930
-0.804666
0.021154
-0.606663
-0.002000
0.263824
-0.248179
0.245623
-0.046891
0.592176
-0.648929
0.170985
0.392322
-0.539000
-0.204350
-0.376161
-0.871976
-0.003722
-0.620287
0.831620
0.751560
-0.370624
-0.080000
-0.144761
-0.490024
0.789595
-0.139541
0.295241
0.656191
-0.586826
0.768081
-0.191000
0.571214
0.018518
0.532206
0.929778
0.771646
0.484348
-0.616667
-0.411978
0.505000
-0.367098
0.137154
-0.542814
-0.100699
0.361686
0.683700
-0.360397
-0.785971
-0.241000
0.286596
0.481586
0.164669
-0.522581
-1.048276
-1.075909
0.136868
-0.133277
0.841000
-0.020392
-0.148842
-0.086992
0.077479
0.482406
0.467839
-0.554557
0.981142
0.402000
0.022230
0.171932
0.043410
-0.767364
0.420801
0.325311
0.454190
0.456939
0.069000
-0.488894
0.791380
0.404191
0.678957
-1.023804
0.196340
0.957961
0.339353
0.962000
-0.189583
0.308408
-0.026449
0.045327
-0.515177
-0.774236
0.837363
-0.764063
0.368000
0.039381
0.551649
0.197310
-0.004511
-1.014251
0.678418
-0.205558
0.280951
-0.904000
-0.776189
-0.944469
-0.085039
-0.784254
0.532322
-0.516691
-0.444000
-0.552786
-0.993000
0.258732
0.114696
-0.180791
-0.242358
0.528857
-0.835506
-0.209105
-0.698002
0.701000
-0.531971
0.689694
-0.228076
0.472098
0.619011
-0.851729
0.664992
0.264589
-0.846000
0.730573
0.678053
0.708305
0.634520
-0.053969
0.580759
-0.555614
-0.009396
0.392000
-0.485786
0.718506
-0.611422
0.407415
1.109339
-0.611358
0.213873
0.191324
-0.274000
0.542791
0.305548
0.420258
0.215631
-0.713070
-0.047233
-0.884014
0.504797
-0.854000
0.577536
0.745549
0.701994
-0.642012
-0.449599
-0.763849
0.580208
-0.556866
-0.411000
1.062069
-0.855507
0.706582
0.506589
0.501437
-0.245825
0.476917
-0.699633
0.624000
-0.262578
0.542585
-0.070140
0.092105
0.568596
-0.270400
-0.013302
0.667478
-0.775000
-0.828579
-0.462833
0.504404
-0.821545
-0.091116
0.398000
-0.219852
0.443910
0.933000
0.194903
-0.618287
0.060806
0.583137
-0.159007
0.749766
-0.406134
-0.373743
-0.312000
-0.483433
0.315538
-0.375523
0.177833
-0.224444
0.655381
-0.089243
0.202984
-0.449000
-0.294350
0.173720
-0.218942
0.478173
0.464240
-0.094263
-0.531254
-0.481385
0.418000
0.164609
0.747231
0.297938
-0.220354
-0.450420
-0.889523
1.111084
0.013009
-0.203000
-0.720086
0.581047
-0.968162
0.260978
0.392396
0.000466
0.548494
-0.097685
0.335000
-0.161711
-1.037450
-0.554609
-0.383737
-0.136891
-0.597717
-0.561880
-0.515275
-0.756000
-0.041358
0.115031
-0.271365
-0.552523
-0.115198
0.700675
-0.242825
0.045690
-0.712000
-0.791836
-0.572310
0.532130
0.432250
0.138599
0.542612
1.082940
0.983107
-0.769000
0.705767
0.553972
0.890659
0.011298
0.181564
-0.015386
-0.355627
-0.653275
0.738000
-0.639310
-0.827232
0.144612
0.026362
-0.379653
-0.901314
-0.166885
-0.696023
0.298000
0.446090
-0.349287
-0.146335
-0.588942
0.065949
-0.828878
-0.432423
0.110048
0.948000
-0.076019
-0.526179
-0.774009
-0.144740
-0.675139
0.638935
1.341800
0.658339
0.954000
0.697218
0.770323
0.313811
-0.474325
-0.658460
0.809654
-0.586420
-0.718873
-0.433000
0.540094
0.513601
-0.359771
0.968007
0.597588
-0.628253
-0.414408
0.843185
-0.269000
0.545716
0.701827
0.017157
-0.468911
-0.536367
0.426238
-0.510241
-0.474500
-0.937000
0.005036
-0.423114
-0.583645
0.384200
0.534491
0.776707
-0.518737
-0.128099
0.533000
-0.668265
-0.561351
-0.294435
-0.109533
-0.505502
0.311532
-0.551634
0.242397
0.972000
0.223479
-0.528183
0.238681
-0.313081
0.686702
-0.111037
0.371596
0.831740