2
192;8
-0.977000
0.218010
0.223894
0.243153
0.080971
0.049312
0.109164
-0.009052
0.100400
-0.907000
-0.388470
-0.329638
0.225517
-0.206145
-0.676740
0.349948
0.009228
-0.242343
-0.600000
0.363384
0.188844
-0.123451
0.733413
0.861218
-0.622591
-0.540322
0.403056
0.906000
-0.088490
0.028702
0.145301
-0.377223
-0.114046
0.519722
0.511646
-0.078477
-0.014000
0.036360
-0.091528
-0.162688
-0.172279
-0.293111
-0.150632
0.210840
0.060434
-0.308000
0.631148
0.034248
0.462877
0.318867
0.479308
0.075556
0.069091
0.095217
0.130000
-0.489631
0.177209
-0.510401
-0.300947
-0.307631
-0.040601
-0.181565
-0.270983
-0.220000
-0.509031
0.012094
0.192462
-0.105647
0.195120
-0.277458
-0.092316
0.358239
-0.590000
0.631371
0.249348
-0.400214
0.312585
-0.201948
0.301257
0.580328
-0.123281
-0.784000
-0.439105
-0.189599
0.414971
-0.004452
0.270911
0.227178
-0.399737
0.043466
-0.801000
0.228261
-0.122964
0.084883
-0.449491
-0.060208
-0.708510
-0.282806
0.427889
-0.909000
-0.516886
0.113193
-0.588977
0.298957
-0.056267
0.307241
0.307467
-0.605309
0.162000
0.697120
-0.255258
0.413942
0.188409
-0.165414
0.122954
-0.251769
-0.047909
0.623000
-0.231395
0.262395
-0.484067
-0.240059
0.775101
0.405256
0.376727
-0.269128
-0.174000
0.093954
-0.129860
0.097587
-0.126792
-0.402251
0.290679
-0.839779
0.151419
-0.337000
-0.212966
0.057738
0.433572
0.043423
0.032483
-0.431344
0.637345
0.397921
0.768000
-0.333863
0.612133
-0.177190
0.496001
-0.755397
-0.108377
0.306240
-0.219506
-0.924000
0.237844
-0.594714
1.139874
0.098543
0.551239
-0.037382
-0.840722
-0.021440
0.864000
0.171168
-0.166652
-0.889571
-0.466314
-0.056062
-0.228171
0.424455
0.039834
0.944000
-0.011319
0.190442
0.120339
-0.356279
0.507842
0.096441
-0.473772
0.127029
0.880000
0.132179
-0.141400
-0.196990
0.167778
-0.896528
0.006035
0.069969
0.011692
0.738000
-0.251330
0.047078
0.194501
0.063871
0.470322
0.126314
0.463528
-0.179848
0.458000
0.269039
-0.251367
-0.230700
0.138989
-0.307317
0.038762
0.574886
0.189752
0.283000
0.268791
0.532869
-0.381278
-0.124867
0.698022
-0.115987
-0.423448
-0.485438
-0.324000
-0.340952
-0.196133
0.364732
-0.083098
-0.410752
-0.233027
-0.173503
0.250153
-0.971000
-0.722333
0.215233
0.150826
-0.050065
0.369097
0.235928
0.147817
0.367894
0.972000
0.659416
0.097658
-0.373605
-0.169868
-0.963682
-0.366555
-0.039680
-0.169562
0.449000
0.104675
-0.151537
0.026753
0.050658
0.488289
0.018013
-0.204860
-0.284767
-0.230000
0.760260
-0.001118
-0.071844
0.072556
0.732995
0.381588
-0.466574
-0.185207
0.096000
-0.359754
-0.318152
-0.088496
-0.157403
-0.135279
-0.024303
-0.233939
-0.188006
-0.837000
-0.378421
0.142216
0.437674
0.167093
-0.434391
-0.314029
0.769245
0.281871
0.122000
-0.414221
0.246291
0.053959
0.520749
-0.235163
0.343940
0.026759
0.226072
0.723000
-0.112121
0.476232
-0.131930
-0.427251
-0.302556
-0.235955
0.348180
-0.377579
-0.072000
0.248319
-0.561167
-0.012801
-0.237857
0.316053
-0.190454
-0.358799
-0.050711
-0.272000
0.245364
-0.123434
0.454127
-0.271937
0.229346
0.126915
-0.393924
-0.389752
-0.162000
-0.016055
-0.404308
-0.473744
0.029075
-0.111452
-0.027350
0.600508
0.093049
-0.593000
0.037686
0.552984
-0.094870
0.165759
0.185533
-0.087365
-0.199003
0.545407
0.388000
0.270709
-0.179380
-0.280995
0.430498
-0.561408
-0.529186
0.565652
0.326553
-0.516000
-0.582255
-0.158666
0.840911
-0.307982
-0.155869
0.461886
-1.068072
-0.019104
-0.047000
0.255865
0.211269
-0.507956
-0.171688
0.227290
0.173458
0.408521
-0.489158
-0.110000
0.088884
-0.613021
-0.136023
0.333208
0.539940
-0.072170
0.305141
-0.067766
0.649000
0.125004
0.574187
-0.046824
-0.720442
-0.096237
-0.064056
0.076966
-0.074983
0.178000
-0.123528
0.153413
0.330898
0.606447
-0.132785
0.172671
-0.544049
0.399131
-0.033000
0.000455
0.280096
0.713503
0.086676
-0.549480
0.399204
0.240227
0.268505
0.796000
0.422920
-0.296345
-0.301869
-0.104472
0.068520
-0.219926
-0.489513
0.017302
0.861000
-0.306417
-0.086436
-0.510390
-0.101008
0.323681
-0.099270
0.232454
-0.243653
-0.307000
-0.175385
0.142108
-0.392923
-0.074244
0.783290
-0.328998
-0.282867
-0.296950
-0.744000
-0.328400
-0.821529
0.570369
0.106690
-0.549187
0.225201
0.663781
0.354269
0.735000
0.302291
0.538050
-0.007218
0.047002
-0.096647
0.264337
-0.279495
0.061321
-0.654000
-0.131855
0.330368
0.116877
0.807455
-0.086751
0.023927
-0.440499
-0.248747
0.825000
-0.056435
-0.011460
0.263158
-0.635055
-0.362115
-0.167437
0.201457
-0.146407
-0.864000
0.023177
-0.188461
-0.413467
0.077190
0.566574
0.198124
0.203710
0.284506
-0.815000
0.010830
-1.050700
0.238058
-0.637650
-0.165509
-0.707568
0.570400
-0.067651
-0.304000
0.566309
0.456280
-0.003061
0.122321
0.652871
0.308701
-0.431318
0.041751
0.331000
-0.246655
0.305807
-0.412255
0.324191
-0.460776
0.289771
0.093141
0.021395
-0.559000
0.226146
0.436050
-0.205637
-0.670265
-0.124940
-0.150662
0.220528
-0.267108
-0.286000
-0.583113
0.322409
0.169360
0.685914
-0.548447
0.339398
-0.178433
-0.158571
0.556000
0.218352
-0.582007
0.198523
0.157587
0.633869
0.029092
-0.397550
0.293801
0.357000
-0.127035
-0.428656
-0.522427
0.161441
0.088031
-0.101391
0.171897
-0.139500
-0.420000
0.130082
-0.637304
0.535716
0.304717
-0.013874
-0.136879
0.681017
0.896951
0.664000
0.193380
0.515230
0.182856
-0.543819
-0.068087
0.089847
-0.669921
-0.511717
-0.674000
0.323594
0.544599
-0.450114
0.268528
-0.154718
0.337406
-0.046215
-0.231816
-0.210000
-0.412885
0.198001
0.397992
-0.115019
0.598001
-0.529671
-0.112919
0.688455
0.066000
-0.214485
-0.593833
0.100093
-0.036069
-0.225622
-0.053850
0.009598
-0.414590
0.957000
0.130583
0.375516
0.462734
-0.322221
0.068060
-0.253483
0.492472
-0.064016
-0.089000
-0.327135
-0.163894
-0.015487
0.271786
-0.025026
0.533251
-0.257069
0.007194
0.988000
0.537746
-0.168083
-0.502440
-0.032129
-0.145404
-0.092610
-0.239974
0.050905
-0.240000
-0.003657
0.078772
-0.644684
0.141970
-0.055614
0.081214
-0.581067
-0.375138
0.375000
-0.016667
-0.532404
0.137285
-0.728799
0.470433
-0.341897
1.056433
0.574007
-0.438000
-0.351277
0.339656
0.517361
0.461058
-0.474089
0.202413
-0.335580
-0.377154
-0.014000
0.057820
-0.409444
0.571497
-0.276231
-0.160138
-0.169570
-0.399825
0.327409
0.126000
-0.069031
0.887140
-0.525239
0.666441
-0.223056
0.156252
0.553380
-0.505623
0.813000
0.198370
-0.285916
-0.050836
-0.298944
0.380963
-0.132934
-0.091306
0.199880
0.552000
0.688939
0.304029
-0.213917
0.012484
-0.477454
0.520541
0.205613
-0.087848
-0.187000
-0.526516
-0.002879
-0.317905
-0.509754
0.851716
-0.503383
-0.189790
0.476639
-0.515000
-0.178749
-0.352814
0.235363
0.241915
-0.404123
0.244834
0.120379
-0.283134
-0.797000
-0.137715
-0.147069
-0.100749
0.176765
0.066411
0.389124
-0.435250
0.074970
-0.280000
-0.665611
0.444791
-0.131596
0.089428
-0.097177
-0.447732
-0.077379
0.438148
-0.730000
0.652868
-0.024500
0.431451
-0.057377
-0.204341
-0.144822
0.264126
-0.317425
0.022000
0.345864
-0.191028
0.421208
0.099836
0.426352
-0.370096
0.181166
-0.420447
-0.751000
-0.138708
0.280318
0.001256
-0.590380
-0.304462
-0.067312
0.250036
-0.099322
-0.929000
-0.082137
-0.330378
-0.389680
0.393390
0.117660
0.189707
0.023825
0.391570
-0.223000
-0.293852
-0.235800
-0.220315
-0.379458
0.366549
0.477210
-0.257219
0.310783
0.236000
0.075635
0.617801
0.794247
0.048206
-0.725549
-0.015690
0.274275
-0.224044
-0.181000
-0.020149
-0.097273
-0.637838
0.388210
0.304843
-0.172813
-0.363555
-0.172343
-0.578000
0.267214
0.132911
0.396616
0.171421
0.059502
-0.596746
-0.284108
-0.331775
-0.403000
-0.264194
-0.394073
-0.100616
-0.493419
-0.327462
0.492954
0.149268
-0.270624
-0.019000
0.347304
0.323750
-0.143243
0.515969
0.159816
-0.124868
-0.135931
0.623192
-0.011000
-0.001891
-0.186760
0.267820
-0.202248
0.225035
-0.006617
-0.198056
0.074702
-0.567000
-0.638546
0.327446
-0.567712
0.048252
0.146389
-0.057218
0.844644
0.780677
-0.993000
0.190284
-0.096928
0.340050
0.213197
-0.361764
-0.006813
-0.444459
-0.938513
-0.677000
0.440259
-0.190147
-0.327379
0.208100
0.340847
-0.454547
0.048906
0.142757
0.503000
-0.195169
0.550134
-0.026943
0.038971
-0.661244
0.449270
-0.007165
-0.514145
0.679000
0.164577
-0.358584
0.423360
-0.153068
0.467280
-0.102078
-0.020017
0.470503
0.579000
-0.298142
-0.036853
0.700870
-0.269283
0.010466
0.361360
-0.056558
0.251914
-0.803000
0.062486
0.033958
-0.740184
0.204944
0.069914
0.116204
-0.582505
-0.156697
-0.290000
-0.026936
-0.158345
-0.256297
0.029561
-0.197392
-0.199968
0.616006
-0.147585
-0.700000
-0.053940
-0.316487
-0.172897
0.114569
0.299222
0.092480
-0.092597
0.639309
0.052000
-0.138717
-0.271105
0.677446
-0.186716
-0.336850
-0.308870
-0.310502
-0.522987
-0.155000
0.171805
0.575196
-0.487545
0.137654
0.151430
-0.068602
0.338472
0.040694
-0.093000
-0.142340
0.112387
0.305292
0.335830
-0.343882
0.134442
0.015042
-0.119808
0.278000
0.701729
0.531514
-0.057453
-0.209246
0.420065
0.028746
-0.137336
0.266859
0.156000
-0.459944
-0.819030
-0.362446
-0.250259
-0.202210
0.297923
0.423905
-0.410344
0.810000
-0.070743
-0.112412
-0.570735
0.019147
0.253524
-0.149806
0.036396
0.282248
0.447000
-0.597348
-0.438188
0.330801
0.148292
-0.230155
0.585507
0.093500
0.011583
-0.626000
0.621488
0.666243
0.218793
0.073616
0.080160
-0.653587
-0.227247
-0.235221
0.732000
0.585796
0.670983
-0.125456
-0.179771
-0.140901
-0.072485
-0.371052
-0.154721
0.315000
-0.629603
-0.381785
0.303893
0.564100
0.061529
0.075712
0.564521
0.167880
-0.993000
0.275340
-0.288408
-0.379138
-0.283338
0.097313
-0.243240
-0.463091
-0.002455
0.374000
0.377480
-0.546601
-0.261062
-0.084445
-0.425634
-0.427135
0.385521
0.589937
-0.347000
-0.900020
0.493874
0.235381
-0.073521
0.488794
0.562026
0.739863
-0.299601
0.720000
0.395969
-0.033551
-0.043467
0.133472
-0.005561
0.123905
-0.706578
-0.319017
0.733000
0.477164
0.226754
0.028445
-0.330909
-0.230031
0.327790
0.078893
-0.172595
-0.541000
0.300837
-0.457976
0.238490
-0.275501
-0.454851
-0.352065
-0.287284
-0.153377
-0.181000
-0.712620
0.304843
-0.278001
0.836860
0.517852
0.007155
-0.116772
0.479507
-0.554000
-0.575686
-0.202587
0.381291
-0.143684
-0.357817
0.338245
-0.564291
-0.140232
-0.262000
0.263084
-0.648496
-0.150733
0.342634
0.097577
0.036339
0.520029
-0.147359
0.034000
0.138090
0.732909
-0.310322
-0.331589
0.068150
-0.327153
0.172178
0.141211
-0.495000
0.121006
0.268571
-0.908678
0.657890
-0.317405
-0.183273
-0.080261
-0.215986
0.578000
0.144417
0.157798
0.633324
-0.958880
0.570841
-0.590030
0.126473
0.663636
-0.351000
-0.130777
-0.279499
0.261456
0.454752
-0.304460
0.694546
-0.068493
-0.271873
0.603000
0.222539
0.400383
-0.065419
0.187937
-0.154488
0.334813
-0.073011
-0.480164
-0.681000
-0.415271
-0.290990
-0.392810
-0.140645
0.059147
-0.694433
0.419780
-0.303764
-0.410000
0.277420
-0.035932
0.484235
0.026437
-0.059031
0.348073
-0.233950
0.746726
0.921000
-0.525712
-0.073987
0.138424
-0.515841
-0.028342
-0.042419
-0.064785
0.264073
0.328000
0.711819
0.197566
-0.561857
0.217555
0.669390
0.001496
-0.273039
-0.040777
-0.401000
-0.214285
-0.134956
0.495312
0.358080
-0.546189
-0.115634
0.089541
-0.070003
0.832000
0.557872
-0.292773
0.443000
-0.407672
-0.551448
-0.104060
0.091020
-0.191881
0.536000
-0.070194
-0.408367
-0.840173
0.552617
0.798370
0.233166
0.380018
0.738812
-0.727000
-0.553569
0.711176
0.326335
-0.283041
-0.474124
-0.073662
-0.462083
-0.430040
-0.220000
0.033514
-0.107962
-0.590574
0.030004
0.488860
-0.381272
0.005601
-0.089926
-0.223000
-0.353294
0.245719
0.540027
0.318466
-0.218454
-0.150502
-0.225676
-0.539400
-0.465000
0.225739
0.005875
0.237437
-0.173778
-0.394986
0.743241
0.650901
0.386654
-0.520000
0.806892
-0.067861
-0.315507
0.355097
-0.490462
0.304889
-0.206869
-0.571278
0.254000
-0.871763
0.256595
0.181056
-0.496430
0.847779
-0.145331
-0.131879
0.702646
0.366000
0.160767
-0.219405
-0.081340
-0.006183
-0.318543
-0.499901
0.083446
-0.010777
-0.326000
0.026883
0.512281
0.143085
-0.093880
0.491089
-0.185274
-0.013734
-0.016215
-0.250000
-0.935449
-0.679660
-0.430565
0.388809
0.345814
-0.192486
0.000886
0.039411
-0.899000
0.769194
0.287623
0.185133
-0.334298
-0.705453
0.489627
0.288529
-0.205274
-0.376000
-0.230313
-0.083563
-0.376496
0.021515
-0.296244
0.142495
0.118774
0.588636
-0.988000
0.404170
0.568730
0.264649
-0.259829
-0.157762
-0.236696
-0.311725
-0.081403
0.072000
-0.121909
-0.614647
0.249863
0.295592
0.454438
-0.110249
0.183405
-0.306148
0.376000
0.109659
-0.127970
1.001296
-0.640052
0.258768
0.329604
0.340665
0.154115
-0.843000
-0.042168
0.365812
-0.612009
0.920415
0.374877
0.283460
-0.368161
-0.124957
-0.497000
-0.113675
-0.347416
-0.350995
-0.453031
-0.490089
-0.462486
0.060859
-0.120210
0.433000
-0.529669
0.023124
0.253831
0.072566
0.115603
0.144815
0.454777
-0.054002
-0.312000
0.122942
-0.539601
-0.270192
0.246660
-0.060889
-0.438804
-0.868030
0.068123
0.004000
0.460501
0.447458
0.143182
-0.467795
-0.105002
0.182149
0.302651
-0.006688
0.903000
0.612580
-0.554820
-0.047201
0.620735
-0.650119
-0.006703
0.637437
0.486887
-0.097000
-0.106626
0.865946
0.498387
-0.662012
1.076537
0.104729
-0.282999
-0.263586
-0.497000
-0.581371
-0.313830
-0.511701
-0.082022
-0.219551
0.090275
-0.287512
-0.408174
0.132000
0.163571
-0.398574
0.212237
0.026212
-0.536615
-0.054612
-0.337315
-0.013195
0.689000
-0.381765
0.741034
-0.337522
-0.450453
0.327891
0.179930
-0.123055
-0.455435
0.882000
0.191072
-0.393174
0.128053
0.499386
0.272791
-0.163037
0.521027
0.519626
0.552000
0.223213
0.121312
-0.252852
-0.452470
0.407286
0.018385
-0.215700
0.387294
0.282000
-0.812139
-0.108514
0.469410
0.191100
-0.107104
0.361167
0.539468
0.130422
-0.610000
0.531481
-0.111905
-0.464608
-0.040029
-0.185734
-0.461569
-0.348021
-0.139633
-0.207000
-0.134541
-0.088052
0.318360
0.092281
-0.375779
0.063289
0.046551
0.054793
0.782000
0.068667
-0.014779
-0.130731
0.440622
0.466596
0.381569
0.459349
-0.469701
-0.237000
0.208970
-0.147957
-0.076287
-0.525483
-0.195185
-0.198906
-0.123724
0.236088
-0.775000
0.570247
0.108799
0.057952
0.293529
0.050192
0.052547
0.432373
-0.129630
0.581000
-0.538148
0.315869
-0.663332
-0.730479
0.362870
0.190566
-0.684451
0.154112
0.662000
-0.041799
-0.239451
0.533222
0.553422
-0.410295
-0.313794
0.000472
-0.003000
0.223000
-0.750472
-0.421765
-0.417565
0.665727
-0.274605
0.307589
0.015696
-0.177801
0.063000
1.074111
-0.288976
0.460607
-0.527323
-0.290220
-0.458843
-0.284983
-0.321814
0.648000
-0.450550
0.878317
0.074195
-0.222160
0.444509
0.245366
0.197912
0.413003
0.418000
0.413269
0.432567
-0.561327
-0.311058
0.372883
-0.414075
0.271646
0.082849
-0.724000
-0.239356
-0.537090
0.525925
0.462705
-0.263845
0.022540
-0.541881
-0.517053
-0.374000
-0.157857
0.249535
-0.089708
0.011225
-0.066303
0.341188
0.253243
0.491161
-0.864000
-0.206238
0.260154
-0.457808
0.170330
-0.529901
0.227580
-0.239833
0.005369
0.517000
0.439010
-0.183281
-0.080119
-0.077885
0.940567
-0.491968
0.036845
-0.678102
-0.116000
-0.354063
0.161802
0.338150
0.045605
-0.443621
0.435728
0.264191
0.638347
0.818000
-0.094808
-0.411087
0.182713
-0.502373
0.613839
-0.077591
-0.136039
-0.003116
0.047000
0.044442
0.589163
-0.425145
0.840374
-0.834896
-0.153356
0.533247
0.022095
0.413000
0.067250
-0.502508
0.533710
-0.239779
0.158188
0.034086
-0.385803
0.167016
-0.942000
0.003537
0.423234
0.103588
0.281582
0.402138
0.197661
-0.884973
-0.469644
0.332000
0.147599
-0.189076
-0.287099
-0.644735
0.068624
0.331903
0.689741
0.924465
-0.376000
-0.154811
0.371955
0.017944
0.322239
-0.627721
-0.395062
0.131529
-0.739112
-0.931000
0.745793
0.068898
0.436660
0.782712
-0.414122
-0.043818
0.516136
-0.298736
0.122000
-0.453460
-0.468436
-0.751967
-0.106266
0.440040
-0.546921
-0.173768
-0.481789
0.470000
-0.278349
-0.107560
0.470522
-0.716893
-0.029100
0.587814
-0.317634
0.881119
0.748000
-0.949608
0.203934
-0.707598
-0.629546
0.310959
0.072188
0.167577
0.298734
-0.292000
0.458098
0.329159
0.388016
0.153250
-0.376607
-0.094331
-0.417807
-0.088605
0.072000
0.316754
-0.048856
0.055578
0.684147
0.128039
0.118365
0.014270
-0.041370
-0.774000
0.135738
-0.478397
-0.235489
-0.063460
-0.386640
-0.320050
-0.489492
-0.090925
0.059000
0.537418
-0.035280
0.488261
-0.113471
0.362538
0.428034
0.293904
0.052929
-0.338000
-0.611896
0.265606
-0.044035
-0.046157
0.017801
-0.130527
0.350071
-0.061385
0.212000
0.169605
0.724276
-0.246559
0.517029
0.034715
-0.249770
0.706420
0.180895
0.939000
-0.249062
-1.058372
0.787499
0.143091
0.543906
0.082740
-0.412195
0.415589
-0.556000
0.043527
0.483221
-0.587569
-0.514980
-0.449984
0.189682
-0.348157
-0.660441
0.549000
-0.426625
0.122089
0.336743
-0.466713
0.126416
0.160739
-0.328185
0.083263
-0.942000
-0.057456
-0.172103
-0.237574
-0.444959
-0.377999
0.218072
0.300820
0.203647
-0.919000
0.658606
-0.151968
-0.048763
0.750178
0.090125
-0.454652
0.047970
-0.267543