2
192;8
0.811000
0.007506
0.141730
0.022472
0.123385
0.164897
0.250976
0.079507
0.182127
0.192000
0.298152
-0.055668
-0.015737
-0.148437
0.299056
0.091466
0.040313
-0.557472
0.307000
-0.240439
-0.164204
-0.037817
0.384907
-0.780153
-0.042393
-0.095523
0.918505
-0.677000
-0.005619
-0.057142
0.078144
-0.159634
0.525411
-0.047993
0.059827
-0.336291
0.503000
-0.104010
0.032755
0.273060
0.115683
0.166866
-0.126292
0.161620
0.123167
-0.467000
-0.185944
0.034133
-0.470233
-0.396728
0.026358
0.515319
-0.049158
-0.362929
-0.023000
0.326861
0.080535
0.189625
0.342466
-0.517447
-0.184526
-0.100603
0.193889
-0.530000
0.159135
-0.034806
-0.132471
0.136062
-0.243865
-0.565087
-0.072579
0.107220
-0.034000
-0.072212
0.483831
0.349875
-0.227522
0.182966
0.407739
-0.342141
-0.082324
-0.626000
-0.107623
-0.332256
-0.222610
0.091497
0.165374
-0.175666
0.376978
0.088814
0.870000
-0.296132
0.169921
-0.134344
-0.043060
-0.079916
0.586859
-0.148855
0.020164
-0.931000
-0.089587
-0.294809
-0.001227
0.154650
0.348021
-0.297693
0.607327
-0.287689
-0.335000
0.383691
-0.016859
0.211924
-0.072304
-0.029224
-0.453672
-0.528380
0.281790
0.874000
0.065928
0.386811
0.001824
-0.339982
0.281422
-0.112907
-0.002679
-0.159610
0.280000
-0.302077
-0.482292
0.055581
0.714214
-0.463937
-0.015507
-0.035641
0.124350
-0.733000
0.317454
0.133167
-0.089362
-0.292288
-0.043141
0.269286
0.138497
-0.029323
-0.422000
-0.314026
-0.152891
0.068413
-0.133181
-0.124921
0.565432
-0.058502
0.075267
-0.298000
0.381244
-0.246371
-0.001731
-0.113264
-0.177063
-0.484190
0.389131
0.294012
0.299000
-0.136632
0.342121
0.018772
0.032841
0.463066
-0.000540
-0.470670
-0.324351
0.402000
0.224145
-0.362564
0.212877
0.247706
0.082853
-0.501059
-0.210984
-0.169751
-0.346000
-0.392761
0.757218
-0.077965
0.053426
0.471884
0.537201
0.381334
-0.642983
-0.075000
0.250178
-0.313394
-0.126377
-0.356325
-0.533855
-0.141616
-0.115319
0.802246
-0.378000
-0.042015
0.131237
-0.109370
-0.210792
0.013408
0.223824
-0.131234
0.140910
0.572000
0.320574
-0.057211
-0.009776
0.075975
-0.319452
-0.481984
0.077932
0.445949
0.306000
-0.416918
-0.053810
0.207254
0.185861
0.119694
0.367880
-0.045475
-0.462360
-0.577000
-0.199755
-0.090616
-0.238034
0.024332
0.500112
0.037867
-0.136416
0.135046
-0.563000
0.257666
-0.154737
0.603865
0.102051
-0.424442
-0.249171
-0.021445
-0.156349
-0.736000
-0.123770
0.275826
-0.267973
-0.071569
-0.035407
0.095212
0.183569
-0.065993
-0.360000
0.212255
-0.174458
0.150009
-0.191911
-0.581229
0.012371
0.036212
0.316164
0.598000
-0.558585
0.096434
-0.350368
0.199827
0.629902
0.316459
0.231986
-0.236080
-0.478000
0.423612
0.086276
0.073990
-0.176184
-0.109461
-0.312657
-0.330987
0.203305
0.163000
-0.071495
0.072873
0.239686
0.301790
-0.214664
0.147457
-0.040401
0.160509
-0.304000
0.580142
0.032768
-0.516303
-0.492284
0.660424
-0.354665
-0.260731
-0.364442
-0.602000
-0.625776
-0.062220
0.284943
0.215656
-0.344818
0.275555
0.394317
0.069812
0.518000
0.294329
-0.365589
0.210461
-0.087578
-0.023120
-0.029105
0.057247
-0.324024
-0.561000
-0.313617
0.270046
-0.083906
0.108209
-0.232022
-0.088432
0.036100
0.573650
-0.359000
0.075999
0.049320
-0.154615
0.044324
0.114916
0.235214
-0.243177
-0.236385
0.177000
0.005613
-0.095948
-0.283036
-0.130599
0.117624
0.282091
-0.206415
0.146175
-0.457000
0.085787
0.081351
0.059015
0.330968
0.285228
-0.710164
0.575177
-0.037011
0.393000
-0.292409
-0.066169
0.178071
-0.151007
-0.043212
0.341487
-0.363245
-0.035540
-0.762000
0.392738
0.161665
0.097646
-0.233625
0.327684
-0.107800
0.000358
-0.181866
0.671000
-0.467723
0.032192
-0.107533
0.131886
-0.695990
-0.089125
-0.102938
0.154396
-0.674000
-0.035758
0.074158
-0.004216
0.065143
0.212295
0.244216
0.103328
-0.042842
0.253000
-0.145068
0.170952
-0.190890
0.125912
-0.247209
-0.337622
0.160858
0.220491
-0.264000
0.167132
-0.272841
0.374365
-0.152361
0.117146
0.540607
-0.575128
0.254836
0.106000
0.015481
-0.082016
-0.143126
0.014988
0.114331
-0.138590
0.421985
-0.386676
-0.474000
-0.016242
-0.154162
0.134619
0.212692
-0.035659
0.193486
0.297883
-0.105097
0.998000
-0.278977
-0.027156
-0.408070
-0.291884
0.318380
0.100750
-0.417539
-0.204459
-0.488000
0.336508
0.340389
0.125358
0.075611
-0.218384
-0.374139
0.140150
0.271400
0.232000
-0.063373
-0.002963
0.046692
-0.079716
-0.244024
-0.160697
0.105018
-0.049102
0.717000
0.279823
0.364806
-0.223175
-0.199562
-0.084976
0.506020
-0.103927
0.190959
0.251000
-0.210681
-0.343541
0.141698
0.183683
0.265981
-0.115637
0.012172
-0.183014
-0.108000
0.224590
-0.205864
0.009180
0.002540
0.131365
0.030956
0.110446
-0.223010
-0.494000
-0.347794
0.283076
0.179156
0.403579
-0.265267
-0.381895
-0.151523
0.142025
0.639000
0.295443
-0.237088
-0.052758
-0.247321
-0.027847
0.256227
0.066692
0.018297
0.385000
-0.257078
0.428369
-0.060160
0.095233
-0.038665
-0.312164
-0.078144
-0.001891
-0.321000
0.557080
-0.990040
0.009471
-0.253519
0.299967
0.413735
-0.015179
0.229991
-0.977000
-0.455769
0.779092
-0.001073
0.175878
-0.073966
-0.225985
-0.075305
-0.224307
-0.773000
-0.150400
-0.044623
0.054468
0.820756
-0.375104
0.020164
0.274555
-0.199307
-0.153000
0.868918
-0.136088
-0.142570
-1.524091
0.329957
0.291017
-0.352785
0.162169
0.621000
-0.599574
0.018050
0.165037
0.674263
-0.059200
-0.423070
0.293072
0.162513
-0.106000
0.284324
-0.104960
0.224908
-0.498710
0.105085
-0.063971
0.005254
-0.079561
-0.464000
-0.242646
0.354223
-0.295586
0.725089
-0.380034
-0.030291
-0.470572
0.356434
-0.362000
-0.070022
-0.353808
0.048078
-0.235986
0.487076
-0.017518
0.324429
-0.140097
-0.187000
0.104035
0.074446
-0.050035
0.089874
-0.454223
0.344415
0.328825
0.125091
-0.852000
-0.090898
-0.387869
0.228439
0.292222
0.429722
-0.277321
-0.489950
-0.301518
-0.474000
-0.190240
0.305860
-0.136406
-0.355530
-0.082816
-0.029420
0.358970
0.223893
-0.076000
0.312027
-0.009878
-0.010242
0.002029
0.148216
-0.235168
-0.355363
-0.066565
0.000000
-0.717160
0.246929
-0.386569
-0.047475
-0.122961
0.505527
0.637404
0.104649
0.645000
0.390407
-0.110705
0.331675
0.074954
0.002869
-0.332267
-0.390784
0.039798
-0.386000
-0.419497
-0.084529
-0.159997
-0.205910
0.028606
0.029834
0.006034
0.219780
0.981000
0.575587
0.452763
0.468940
0.166009
-0.095509
-0.289157
0.090006
-0.335541
0.085000
0.013619
-0.454328
-0.197723
-0.018375
-0.011725
0.171953
-0.002868
-0.039345
-0.446000
-0.139035
0.085458
0.239817
-0.424397
0.246169
0.400673
0.162287
-0.068472
0.707000
-0.072511
-0.373759
-0.637829
0.859950
0.419240
-0.628458
-0.489449
-0.123699
-0.323000
0.231196
0.424919
0.378945
-0.570793
-0.295146
0.124402
0.295066
-0.075735
-0.496000
-0.082090
0.327296
-0.085838
-0.374568
0.064380
0.033365
-0.071345
0.283004
-0.856000
0.078032
-0.674953
0.228146
0.485837
-0.117316
-0.247546
0.320465
-0.225980
-0.908000
0.024617
0.271319
-0.197514
-0.141747
-0.034855
0.225280
-0.125780
0.027486
0.227000
0.054446
-0.302665
0.244261
0.291618
-0.125009
0.047921
-0.311160
-0.105963
0.032000
0.048968
0.713142
-0.154788
-0.669040
0.065761
0.144506
0.582737
-0.155533
-0.568000
0.119697
-0.440830
-0.070355
0.278683
-0.125429
-0.123333
-0.115361
0.149520
-0.068000
0.137664
-0.102271
0.491283
0.515614
-0.131341
-0.131441
-0.201554
0.020267
-0.345000
-0.413469
-0.042134
-1.142649
-0.953964
0.667470
0.212354
-0.122004
0.591632
0.213000
-0.047024
0.034451
0.801627
0.325476
-0.585942
0.138865
0.345230
-0.407557
0.435000
-0.092619
-0.145919
-0.159591
-0.111394
0.138724
-0.164787
-0.236649
-0.217207
0.463000
0.141173
0.016970
0.161225
0.256489
-0.334966
0.181763
0.867421
0.574636
-0.567000
-0.300921
0.167554
-0.038279
0.045325
0.122930
-0.014182
-0.512627
-0.420887
0.428000
-0.106892
-0.271467
-0.022638
0.450682
0.168819
0.022807
0.081595
-0.059953
0.340000
0.565897
0.375831
-0.162947
-0.892693
-0.024176
-0.103936
-0.584058
0.107678
-0.335000
-0.277447
-0.329827
0.135086
0.553539
-0.190069
0.143568
0.427057
0.022663
-0.219000
-0.073918
0.075825
0.239355
0.519929
-0.196416
-0.319192
-0.246248
-0.232009
0.844000
0.171882
-0.118367
-0.214483
-0.816465
0.114380
0.431456
0.383677
0.521475
-0.934000
0.074288
-0.016035
-0.098126
0.259388
0.070845
-0.126001
-0.093345
-0.314270
-0.244000
-0.118003
0.262929
0.120734
-0.166673
0.114441
0.184898
0.109599
0.067026
-0.720000
-0.010871
-0.200882
-0.245394
0.394251
0.093518
-0.082233
-0.507175
-0.395536
-0.015000
0.099134
0.178800
0.090686
-0.180001
-0.067531
-0.055496
0.291804
0.080147
-0.958000
0.247150
-0.370918
-0.292104
-0.437283
0.199275
-0.086630
-0.008397
0.281593
0.995000
-0.410286
0.230861
0.852203
0.818586
-0.707323
0.231090
0.376145
-0.258478
-0.155000
0.326508
0.086508
-0.649247
-0.354822
0.321056
-0.133637
-0.244218
0.011361
-0.111000
-0.092519
0.260854
-0.137942
-0.075288
-0.003926
0.050080
-0.180535
0.004900
0.671000
-0.225048
-0.209099
0.008642
0.408293
0.007791
-0.230171
-0.070696
-0.009262
-0.572000
0.258896
0.024382
0.003188
-0.260454
0.140119
0.252516
0.128866
-0.074702
0.169000
0.151477
0.008876
-0.022204
0.029434
0.258342
-0.170125
-0.087771
0.022849
-0.087000
0.280778
0.061204
-0.045013
-0.210104
-0.127313
0.079932
-0.181243
0.165632
0.812000
-0.543151
-0.118233
0.113441
0.258249
-0.157488
-0.146532
0.315001
0.003078
0.810000
0.006807
0.002493
-0.279335
0.292289
0.077155
0.078852
-0.235852
-0.036455
0.702000
0.173484
0.137484
0.552597
-0.606542
-0.332661
-0.208028
0.465696
-0.134483
0.833000
-0.126407
-0.048063
-0.372977
0.376075
0.280158
0.140950
-0.160078
-0.017787
0.748000
0.152442
0.283219
-0.084127
0.044875
0.027343
0.175470
-0.007004
-0.104258
0.069000
-0.428452
-0.095990
-0.096503
-0.035117
0.021305
0.321535
-0.137493
-0.429341
-0.219000
0.206453
-0.161413
0.223090
-0.026800
0.024639
-0.479365
0.250381
0.402870
0.069000
-0.119208
-0.047596
-0.049578
0.436865
-0.213868
0.148360
-0.289430
0.240059
-0.539000
0.327289
-0.156489
0.196944
-0.488053
0.329676
-0.088787
-0.060424
-0.106132
0.561000
-0.161716
0.192355
-0.163956
-0.158084
-0.213318
0.154715
0.531437
-0.259931
0.201000
0.055004
-0.285098
0.157029
0.221817
0.001679
0.055253
0.089921
-0.119077
0.474000
-0.216818
0.313156
-0.124811
-0.715216
0.459399
-0.217000
0.192323
-0.021956
0.439000
0.101489
-0.151272
-0.051746
0.563756
-0.369422
0.084213
-0.178780
0.162912
-0.028000
-0.278530
0.090294
-0.375800
0.040382
-0.156869
-0.170240
0.236998
0.230224
0.621000
0.186224
0.056636
0.542236
0.048920
0.177682
0.073885
-0.318921
-0.223161
-0.055000
0.101150
-0.138807
-0.133833
-0.079077
-0.027429
-0.008104
0.069068
-0.004595
-0.409000
-0.213309
0.367301
-0.455873
-0.515388
0.440951
0.434766
-0.009822
-0.154806
0.122000
-0.104769
-0.543574
0.541398
0.482460
-0.283466
-0.608532
0.063550
0.262509
-0.423000
0.335791
0.216099
-0.042547
0.025307
-0.056588
0.189403
-0.184230
-0.195919
0.845000
0.046412
0.136395
-0.088762
-0.070247
-0.067430
-0.030614
0.107811
0.114622
-0.007000
0.427732
0.089798
0.318246
0.044871
-0.215801
0.170246
-0.233044
-0.336159
0.282000
-0.355818
-0.151281
-0.125981
0.104409
0.048677
-0.382852
0.089358
0.411442
-0.987000
-0.073964
-0.047211
-0.274602
0.153390
0.161336
0.014879
-0.222309
0.062917
0.499000
0.171753
-0.089164
0.533880
-0.399417
-0.356800
-0.109595
0.320467
-0.098346
0.792000
-0.101545
0.100999
-0.321078
0.196751
0.404021
0.144613
-0.037836
-0.100521
-0.511000
0.129724
-0.055555
0.025388
0.195091
-0.021540
-0.009155
-0.128319
-0.028714
-0.181000
-0.165405
0.167231
0.088567
-0.125294
0.531407
-0.411275
0.186674
-0.066043
-0.040000
0.034100
-0.152406
-0.100089
-0.106468
-0.468314
0.358237
-0.074727
0.139995
-0.277000
-0.084377
-0.166794
-0.044334
0.173843
-0.011741
-0.081694
0.150283
-0.154783
-0.003000
0.252699
0.098814
0.504878
-0.342450
-0.413890
0.143850
-0.073615
0.079943
-0.673000
0.131875
0.082094
-0.472347
0.140078
0.202387
0.093448
-0.164059
-0.018169
0.345000
0.393477
0.100600
-0.062393
0.023303
0.035923
-0.127718
0.058491
-0.343629
0.091000
-0.503871
-0.171428
0.363021
-0.066708
0.124152
0.260200
0.029180
0.287624
-0.671000
-0.020819
-0.042343
-0.228173
-0.011398
0.022878
-0.145025
-0.055073
0.028065
-0.260000
-0.176462
0.159246
0.138733
0.420513
-0.318773
-0.104879
-0.207468
0.166583
0.675000
0.518228
-0.234346
-0.433113
-0.498088
0.049384
0.362252
0.206533
-0.185337
-0.082000
-0.353339
0.052052
0.329350
0.086468
0.197047
-0.137315
-0.004389
0.008075
-0.935000
-0.255135
-0.200889
-0.182033
0.144673
0.329312
0.132006
0.062626
0.257453
0.168000
0.147859
-0.099120
0.355360
-0.039129
-0.057654
-0.171702
-0.187980
-0.453619
0.515000
0.212636
0.136554
-0.270105
-0.095979
-0.227824
0.022462
0.161198
0.295675
-0.658000
-0.156733
0.324259
0.023840
-0.296459
0.130108
-0.330661
0.167856
0.052092
0.366000
0.035222
-0.377479
0.434576
0.564659
-0.334619
0.780455
-0.666697
-0.071165
-0.213000
-0.027859
0.055869
-0.483583
-0.293801
0.097950
-0.295848
0.596609
0.090554
-0.633000
-0.005113
-0.256891
-0.127051
0.277664
0.118331
-0.197176
0.172470
-0.240760
0.485000
0.268972
0.063188
0.061603
-0.522647
-0.028650
-0.135453
0.104070
0.203419
-0.437000
-0.304437
0.271807
-0.087992
0.211277
0.140959
0.268272
-0.289467
-0.029306
-0.971000
-0.159109
0.160056
-0.027389
0.504088
-0.210707
0.094268
0.012422
-0.121820
-0.922000
-0.274042
0.121628
-0.047495
-0.267555
0.181467
0.173006
0.114054
0.148029
0.607000
0.382622
-0.125209
0.119762
-0.242398
-0.147182
-0.109393
-0.210892
-0.117508
-0.634000
0.206793
0.148757
-0.023241
-0.397642
-0.045365
0.336280
-0.019323
-0.176522
-0.196000
0.061556
-0.186373
0.404151
0.176577
-0.334402
-0.904859
0.209366
-0.194883
-0.260000
-0.120477
0.078682
-0.407941
0.200370
0.285591
0.499138
-0.176677
0.405167
-0.704000
-0.190421
0.119232
-0.092668
0.553651
-0.093844
-0.047143
-0.060180
-0.025400
0.236000
-0.120379
-0.153788
0.108940
-0.394250
0.237401
-0.051387
0.008987
0.617618
-0.822000
0.306077
0.061104
0.033995
-0.185737
0.126899
-0.067200
-0.076616
-0.579893
-0.395000
0.317899
-0.160776
0.145958
-0.275359
0.212651
-0.201971
0.120125
-0.050816
0.231000
-0.219387
0.320965
-0.392889
-0.061024
0.209517
-0.004600
-0.051910
-0.266352
0.721000
0.139418
-0.091687
0.241260
0.367206
-0.528044
0.263166
-0.198089
0.174633
0.021000
-0.382022
-0.029940
-0.033379
-0.297090
0.190463
0.173591
0.187387
-0.359788
-0.301000
0.050846
0.447339
0.382988
0.604026
-0.542090
0.039212
-0.372360
0.437009
0.266000
0.186059
-0.278237
-0.312028
-0.421114
0.456936
-0.324664
0.189357
0.048559
-0.643000
0.076452
0.052065
-0.026745
0.392430
-0.243335
-0.460469
0.274440
0.128029
0.755000
0.219690
-0.202090
0.123674
-0.582742
0.153015
0.628154
-0.257209
-0.325086
0.714000
-0.250133
-0.088205
-0.044820
0.240954
0.023494
-0.057581
-0.045604
0.283315
-0.340000
0.100320
0.119246
-0.566626
0.021160
-0.048745
-0.164309
0.333439
0.109738
0.607000
-0.131092
-0.169755
0.941821
0.131114
0.146353
-0.067399
-0.444886
-0.066829
-0.739000
-0.040741
0.174856
-0.362728
-0.146432
-0.137417
0.266801
0.069113
-0.081835
0.068000
-0.165053
0.185007
-0.034926
-0.423681
0.019225
0.403818
0.318390
-0.206823
0.897000
0.254770
-0.308208
0.064651
0.330901
0.074470
-0.245121
-0.077583
-0.314924
0.966000
-0.002191
-0.151968
0.105260
0.187374
-0.181889
-0.179219
-0.162558
0.568871
0.073000
0.241709
-0.172780
-0.026980
-0.056281
0.093618
-0.284994
-0.183505
0.037826
-0.028000
-0.354621
0.518594
0.563279
0.071162
-0.379734
0.179728
-0.152242
-0.134168
-0.533000
0.004904
-0.252697
-0.642506
-0.028039
0.481030
-0.038521
0.343393
0.190471
-0.244000
-0.241814
-0.234410
-0.090898
0.309891
0.012420
0.529053
0.260588
-0.352826
0.115000
0.106054
0.017888
-0.244136
-0.118661
0.210538
-0.432152
-0.212692
0.791390
-0.329000
0.191615
0.126027
0.405241
-0.188566
-0.225284
0.053799
-0.116696
-0.543162
-0.968000
-0.205943
0.054202
0.099760
-0.142287
-0.086161
0.112475
-0.147552
0.245560
0.911000
0.523033
-0.073375
-0.028371
-0.217270
0.072404
-0.321287
0.187394
-0.355184
-0.079000
-0.321393
0.152915
-0.137546
0.217084
0.086330
0.193702
0.035331
0.009832
0.894000
-0.023246
-0.161889
-0.339210
-0.029554
-0.171962
0.072916
0.228696
0.096401
0.591000
-0.194275
0.023276
0.603920
0.260810
0.095203
0.119447
-0.231558
-0.078062
0.817000
0.083622
0.061793
-0.295287
-0.255097
0.014468
0.032663
0.033548
0.073397
0.079000
0.116353
0.446812
0.236656
0.017657
0.445816
-0.410108
-0.060447
-0.381020
-0.760000
-0.023084
-0.479754
-0.435608
-0.112695
-0.238261
0.270893
-0.022916
0.372627
0.339000
0.082470
0.149222
0.094174
0.129139
-0.324730
-0.054425
-0.016871
0.135614
0.515000
0.556322
-0.283555
0.043977
-0.095512
-0.451902
0.193961
-0.057607
0.181842
0.806000
-0.690839
0.380217
0.334561
0.282085
0.003646
-0.100775
0.106198
-0.395628
-0.240000
-0.049658
0.015571
-0.363460
-0.192129
0.493643
0.042277
0.000918
0.034724