2
768;8
0.846000
0.611953
0.816783
-0.801231
0.452880
-0.510938
-0.358903
0.086923
-0.393136
-0.885000
-0.848843
0.138199
-0.271402
-0.035583
-0.909213
0.299000
-0.167258
0.902433
-0.593000
0.633732
0.278313
-0.703926
-0.183130
0.770501
0.664001
-0.894264
0.957342
-0.412000
0.566379
-0.478919
0.660581
-0.835903
0.596442
0.312000
0.098174
-0.751578
0.374000
0.034708
-0.109528
0.857522
-0.032718
-0.720243
0.884002
0.699398
0.175449
-0.944000
0.273318
0.974479
0.673958
0.878456
0.615849
-0.398998
0.235204
0.986170
-0.725000
-0.689983
0.268160
0.792757
-0.743753
-1.004777
-0.541998
0.510442
0.884026
-0.450000
-0.358047
-0.407772
0.413453
0.935903
-0.520145
-0.974999
0.498042
-0.025429
-0.209000
-0.743585
0.551160
0.436076
-0.539822
-0.022598
-0.160999
-0.565768
-0.980644
0.753000
-0.350070
-0.094691
0.423821
-0.653440
-0.928627
0.589001
0.872530
0.909209
-0.759000
-0.339630
0.175449
0.381146
-0.749785
-0.196579
0.183000
0.142085
-0.235670
0.783000
-0.040568
0.536785
0.547957
-0.930415
0.899608
-0.112000
-0.250021
-0.387820
0.579000
-0.283180
-0.471709
-0.834416
0.270610
0.334132
0.979001
0.705291
0.118162
-0.231000
0.212722
0.715508
0.241052
-1.038432
0.074625
0.651001
-0.521443
0.419160
-0.567000
-0.883313
0.723105
-0.503653
-0.002701
-0.365576
-0.591999
-0.658418
0.740197
0.942000
0.983539
-0.762773
0.647165
0.809590
0.278346
-0.688999
0.179931
-0.470771
-0.950000
0.654564
-0.570667
-0.566096
0.089209
-0.069973
-0.728999
0.818374
-0.801722
0.721000
-0.334672
0.269465
-0.247079
0.881571
0.438074
-0.901999
-0.341929
-0.222304
-0.733000
0.207580
-0.647189
-0.565922
0.593008
-0.142563
0.772001
0.013815
-0.152040
0.160000
-0.634314
0.670824
0.172956
0.743030
0.226061
0.092000
0.408210
0.213198
-0.344000
-0.192978
0.653889
0.598420
0.042360
-0.730523
-0.179000
0.106003
0.794287
-0.388000
0.730566
0.703961
-0.832116
0.187605
0.843222
-0.941999
-0.406473
0.920279
0.469000
-0.403108
-0.618960
-0.058197
0.364310
-0.132168
0.234000
0.572932
0.056460
0.013000
-0.434909
-0.493970
-0.605188
-0.139642
-0.815192
0.534001
-0.837523
-0.755488
-0.457000
-0.139949
0.232918
-0.573675
-0.719251
0.602385
-0.460000
0.069864
0.782277
0.860000
-0.459334
-0.106271
0.843767
-0.009647
-0.049797
0.251000
-0.644476
-0.175762
0.465000
-0.067923
-0.663663
-0.429357
0.903920
-0.847157
-0.033000
0.868911
0.729622
-0.122000
-0.728540
0.234923
0.498989
-0.813172
0.198189
-0.235000
-0.468096
0.039082
0.639000
0.010422
-0.512891
0.307566
-0.911470
0.970680
-0.009000
0.286747
0.971052
0.670000
-0.833357
-0.685173
-0.788833
0.151999
-0.367093
-0.728999
0.459844
0.723382
0.703000
0.213362
0.000575
0.040080
0.335656
-0.087681
0.612001
-0.390019
-0.861860
-0.916000
-0.554725
-0.490808
-0.521427
-0.336800
0.499249
-0.911998
-0.853861
0.275681
0.106000
-0.740215
-0.202650
-0.356096
-0.224704
0.517858
-0.921998
-0.270229
-0.775774
0.492000
-0.243273
-0.794164
-0.061539
0.740008
-0.430999
-0.294998
0.351230
0.584226
0.334000
0.037855
-0.849464
-0.935869
-0.369475
0.622858
0.038001
0.062595
0.196773
-0.874000
0.957296
-0.862695
0.086996
0.525019
-0.681166
0.466001
-0.515212
-0.278527
0.153000
0.326531
-0.510859
0.509746
0.919037
-0.294204
-0.595999
0.157569
0.142454
-0.774000
0.108822
0.098970
0.791148
-0.214766
-0.810682
0.493000
0.060125
-0.421214
-0.246000
-0.161326
0.008722
0.923606
-0.026908
0.788371
-0.131000
-0.410708
-0.585854
0.628000
-0.460448
-0.309427
-0.360540
-0.595407
0.497880
-0.758999
-0.481581
-0.221613
0.216000
0.285238
0.318334
0.346890
-0.448081
0.105464
-0.472000
0.267349
0.454024
-0.192000
-0.137666
0.541854
0.689418
0.825397
0.401046
-0.425000
0.804212
0.771177
-0.045000
0.049919
0.106186
0.083149
0.056777
0.858553
-0.422000
0.906820
-0.028720
0.891000
-0.579228
-0.251606
-0.095804
-0.857066
-0.615538
0.182001
0.836720
0.344474
-0.083000
-0.843527
-0.633581
0.152438
0.761136
0.248980
-0.912999
-0.168184
-0.788519
0.336000
-0.484663
0.060421
0.816518
-0.583130
-0.184474
0.264001
0.266364
0.199471
0.003000
-0.689838
0.029867
-0.756969
-0.854207
0.391341
0.371000
-0.521300
-0.226369
0.355000
-0.355940
0.297467
0.079501
0.347841
-0.494531
-0.562999
-0.646002
0.059694
0.439000
-0.069333
0.665948
-0.077384
-0.639277
0.412920
-0.675999
-0.667049
0.512903
-0.016000
0.165548
-0.860886
0.810847
0.205700
-0.817615
-0.104999
-0.597914
-0.580069
-0.390000
1.000973
0.924161
-0.941278
0.005111
0.131462
-0.024999
0.096706
-0.271089
0.605000
0.632300
0.706051
-0.719296
-0.396531
0.878691
0.756001
-0.251023
-0.398219
0.125000
0.640878
-0.315733
0.126290
-0.712100
-0.162408
0.136007
0.754106
0.134113
0.372000
-0.058193
-0.603178
-0.578936
0.149632
-0.043840
0.986007
0.266818
0.547765
0.152000
0.261104
-0.020141
0.165773
-0.397914
0.681564
-0.355993
0.913176
-0.746493
-0.779000
-0.285710
0.826153
-0.009188
0.630419
-0.314451
-0.089999
-0.573451
-0.485592
-0.342000
0.574690
-0.491791
0.412185
0.716630
-0.301709
-0.864999
0.299699
0.384995
0.249000
0.460381
0.221763
-0.807996
-0.253811
-0.401810
0.320001
0.909329
0.579759
0.756000
0.900377
-0.105459
0.849609
-0.411500
0.628840
-0.130000
0.844027
-0.408497
-0.981000
0.169978
-0.106541
0.740979
0.606917
0.387205
-0.784999
0.175079
-0.186608
-0.613000
0.157259
-0.125925
-0.277606
0.170859
0.282423
-0.742999
0.577025
-0.324698
-0.531000
0.155036
0.396922
-0.172157
0.506316
0.708392
-0.888999
0.170183
0.401029
0.025000
0.248639
-0.874506
0.868602
-0.471821
0.739511
-0.206000
0.073954
-0.566523
-0.972000
-0.721420
-0.517318
-0.178490
-0.457801
-0.081211
-0.365000
-0.660179
0.784622
-0.838000
-0.639186
-0.301498
0.108956
-0.580478
0.211583
-0.012993
-0.125480
-0.393584
0.647000
0.534179
-0.658316
0.663941
-0.351427
0.605972
-0.836993
0.700658
0.265067
0.987000
-0.761900
0.689018
-0.275477
-0.794444
-0.647783
-0.480993
-0.666726
0.794406
0.120000
0.877866
-0.570264
0.574125
-0.281886
0.462098
-0.826996
0.151032
0.862600
0.153000
-0.825043
-0.200566
-0.636335
-0.467946
-0.810097
-0.532996
0.318009
0.288476
0.183000
0.971556
0.911336
-0.383767
-0.548076
-0.928166
0.335004
-0.920500
-0.593941
0.949000
-0.573798
0.224995
0.423634
0.040348
-0.050562
-0.940000
0.189485
-0.946019
0.236000
-0.126556
0.490250
0.395562
0.635994
-0.188554
0.900000
-0.540816
-0.897502
0.456000
0.607930
-0.994157
-0.128862
0.159515
0.559715
-0.059000
-0.011643
0.210650
0.999000
0.826658
0.583237
-0.251707
0.005176
-0.560896
-0.148000
-0.652568
0.231262
-0.686000
-0.369909
0.661706
0.880632
0.306338
-0.605943
0.728001
-0.247585
0.066886
0.924000
0.460538
-0.634879
0.463426
0.282275
-0.341093
-0.272000
-0.319790
-0.514259
-0.096000
-0.470602
0.736668
0.920642
0.296721
0.115501
0.267001
-0.332137
0.124696
-0.216000
-0.846163
0.094415
-0.890184
0.515821
-0.171554
0.294001
0.139142
0.571997
-0.713000
0.143876
0.197004
-0.968398
-0.954389
-0.937210
-0.969999
-0.948059
-0.391879
-0.578000
0.167903
0.840133
-0.651942
0.025361
-0.777659
0.302007
0.006333
0.782604
-0.159000
0.620953
0.817292
0.218185
0.890987
0.343214
0.753007
-0.666996
0.218835
0.154000
-0.048834
-0.359024
0.843817
-0.937887
-0.666279
-0.930993
0.545300
-0.184957
-0.391000
-0.855831
-0.713500
0.145744
-0.381339
0.336941
0.037001
-0.522082
0.470162
0.063000
-0.051396
0.808719
-0.018525
0.564236
-0.129203
0.603001
0.381298
0.773593
-0.828000
0.332269
-0.067405
0.938860
-0.214818
-0.051546
-0.978999
0.380073
-0.412945
0.084000
-0.185385
0.801544
-0.100290
-0.726172
-0.338351
0.742001
-0.760517
-0.368875
0.149000
-0.276947
0.547602
-0.246035
0.292936
-0.450606
-0.079000
0.275952
0.416788
0.649000
-0.386977
0.030876
-0.000568
-0.756006
0.036080
0.788001
-0.176561
0.880198
0.755000
0.254966
-0.336391
0.840725
0.873090
0.421915
0.418000
0.484164
-0.529697
-0.441000
-0.509309
-0.048801
-0.871934
0.688691
0.082280
-0.482000
-0.763099
0.803172
0.747000
0.711958
-0.526257
-0.956043
-0.432556
0.209747
-0.293000
0.010862
0.046330
0.739000
0.458996
0.038499
0.827712
-0.391103
0.453353
0.917007
-0.392274
0.395400
0.300000
-0.390258
0.680423
-0.366892
0.686435
0.502674
0.016007
-0.764007
0.750364
-0.677000
-0.635644
-0.218446
-0.843438
0.386679
0.020073
0.441007
0.622472
0.467531
0.787000
-0.718524
-0.399719
-0.907791
-0.513191
0.959126
0.072005
-0.560937
0.081946
-0.214000
-0.720349
0.109577
-0.971984
-0.833584
-0.881567
-0.226995
-0.429253
0.874583
0.804000
0.596564
-0.190689
-0.597573
-0.856724
0.249994
0.282005
0.037717
0.687732
0.071000
-0.525759
-0.718663
0.893689
-0.405674
-0.942899
-0.151996
0.960759
-0.337001
0.053000
-0.214441
-0.275928
-0.423323
-0.490507
0.273566
0.850004
-0.662927
0.118016
0.844000
0.686886
-0.371820
-0.855336
0.374923
0.923047
-0.360996
-0.425384
-0.171162
0.561000
-0.958305
-0.019958
-0.110400
0.286575
0.273294
-0.106997
-0.396530
-0.004847
0.689000
-0.259319
-0.507509
0.626513
0.381222
-0.538582
0.371003
-0.669328
0.522902
-0.632000
-0.879570
-0.598723
-0.027558
-0.432090
0.607958
0.519003
0.560538
-0.145475
0.500000
-0.867157
-0.887182
0.639527
-0.126262
0.034721
-0.780000
0.409198
-0.467975
-0.274000
-0.072430
0.562050
0.165252
0.939608
-0.729339
0.793000
-0.454906
-0.745157
-0.864000
-0.416226
-0.326271
0.712244
-1.024442
0.212830
-0.533000
0.404871
0.395599
0.683000
-0.350383
0.946433
-0.889340
0.904843
-0.836918
0.478000
-0.350950
-0.746701
0.910000
0.026066
0.244225
0.892881
0.141808
0.673724
0.208001
-0.248730
0.748408
0.796000
-0.061843
-0.957247
0.881799
0.671114
0.483681
-0.671999
0.563307
0.489998
-0.544000
0.540005
-0.452409
-0.749468
-0.562753
0.516833
0.372000
-0.166337
0.385883
-0.659000
-0.049314
0.431670
-0.513124
-0.220139
0.213429
0.169001
0.832355
0.295514
0.932000
0.157110
-0.179402
0.426522
-0.595361
0.158100
0.170001
0.230586
0.862531
0.325000
0.140102
0.595119
-0.420891
0.590356
0.472210
-0.221993
0.788991
-0.546980
-0.170000
0.492081
0.796311
0.467827
-0.209113
-0.001452
0.537007
0.769084
-0.436939
0.363000
-0.684549
0.444326
-0.998958
0.317020
0.736281
0.093007
-0.102213
-0.516707
0.225000
-0.258421
0.384328
-0.088320
-0.895780
0.535273
-0.461996
0.738091
-0.102797
0.410000
0.741100
0.911855
0.504513
-0.464622
0.736288
0.783004
-0.348085
-0.446902
0.935000
0.626288
-0.803965
-0.845665
0.253028
-0.158387
0.182004
0.499278
-0.137872
0.030000
0.853236
0.032104
0.546193
0.562116
-0.683187
-0.948999
-0.333612
-0.792122
0.945000
-0.507287
0.182395
0.162169
-0.036937
-0.861206
-0.742000
0.954788
0.688976
0.896000
0.069855
-0.498684
0.524721
-0.495365
-0.804712
-0.138000
0.026378
0.699598
0.399000
0.954296
-0.614696
0.851172
-0.091764
-0.027469
-0.124000
0.232133
-0.484023
-0.625000
0.732803
-0.311570
0.857155
0.345433
-0.380865
0.275000
0.735969
0.393571
0.698000
0.563012
0.155281
-0.403691
0.602435
-0.575378
-0.437000
-0.587174
-0.346580
0.472000
0.707597
-0.391879
0.103185
-0.360532
0.257327
0.853004
-0.843252
0.932365
-0.977000
0.982046
0.034390
-0.399388
-0.587793
-0.396640
-0.188996
-0.431871
-0.764349
-0.709000
-0.405742
0.140815
0.355248
0.379006
-0.575779
-0.550996
0.410211
0.186601
-0.346000
-0.435760
0.208192
0.167250
-0.839328
0.235197
-0.550996
-0.092900
0.225303
0.223000
0.637447
-0.580282
-0.927010
0.678600
-0.625889
-0.448996
-0.143219
0.990299
-0.799000
0.147184
-0.143999
0.797320
0.784144
-0.884317
0.344004
0.618030
0.952108
-0.615000
-0.250717
0.656843
-0.380418
0.946618
0.904029
-0.561000
-0.197962
0.914155
0.731000
0.034580
-0.648478
0.433039
-0.602117
0.285912
-0.345000
0.056667
-0.243941
0.522000
-0.389965
-0.207858
0.461638
0.703468
-0.679679
-0.422000
-0.094334
0.863652
-0.245000
0.567941
-0.600578
-0.654700
-0.094769
0.189054
0.538001
-0.199624
-0.594225
-0.756000
0.189082
-0.012761
0.284812
0.481865
-0.512500
0.712001
-0.810809
-0.931716
-0.237000
-0.777698
0.137480
-0.273831
0.273557
-0.167273
0.836001
0.746030
0.941719
-0.266000
-0.408876
-0.257362
-0.359634
-0.451262
-0.509581
-0.056000
-0.503882
0.370220
-0.677000
0.773106
-0.428725
-0.396571
-0.865763
0.356534
-0.786000
-0.310140
0.493298
-0.448000
-0.675683
0.530101
-0.138831
0.728025
-0.199855
-0.894000
0.212343
-0.392524
0.628000
-0.919192
-0.228539
0.184801
-0.180900
-0.010372
0.735007
-0.392528
-0.643183
-0.562000
0.208532
0.641126
0.529487
-0.027711
-0.592109
0.934007
0.126749
0.647531
0.457000
-0.616786
0.491014
0.748533
-0.357856
-0.204814
0.106007
-0.579099
-0.730419
0.286000
-0.189749
0.668153
-0.742363
-0.323789
0.012086
-0.366995
-0.565429
0.384083
0.130000
-0.400831
0.041330
0.835496
0.125307
-0.224111
-0.233995
0.409512
0.759174
-0.348000
1.009180
-0.827674
0.457149
-0.576803
0.261805
0.496005
0.566790
0.702128
-0.820000
0.408665
1.013885
-0.643460
-0.377510
-0.077245
-0.312999
-0.199688
-0.757556
0.776000
0.815985
0.642498
0.345741
0.926635
0.934068
-0.243999
0.531157
0.891764
-0.317000
-0.367303
-0.084356
0.373486
0.693233
-0.632113
-0.917999
0.173022
0.917045
-0.529000
0.542414
0.685844
-0.617146
-0.660061
-0.422754
0.330000
-0.703011
0.476891
0.080000
0.668783
0.293104
-0.866546
0.666860
-1.018247
0.412000
-0.142579
0.484306
-0.542000
0.926020
-0.758410
0.809792
-0.536731
-0.594331
-0.359000
0.261160
-0.827220
0.024000
0.299204
-0.416374
0.101963
-0.730355
0.833450
0.483001
0.065814
-0.384714
-0.531000
0.020153
0.573138
0.662050
-0.805429
-0.388822
0.438001
0.504978
0.547329
-0.812000
-0.738762
-0.743645
-0.642819
0.897088
-0.195670
0.143001
-0.846520
-0.520071
0.250000
0.145696
-0.596370
0.731911
-0.783672
0.811145
-0.975999
-0.102524
-0.670958
0.735000
-0.083066
0.947363
0.926213
0.720728
-0.602689
-0.547999
-0.957386
-0.582295
-0.220000
0.615134
0.343500
0.607895
0.273375
0.289056
-0.334000
0.499657
-0.453958
-0.558000
-0.008493
-0.526668
0.157774
0.807418
0.767435
0.459001
-0.896190
-0.217081
0.002000
0.924039
-0.195409
-0.390926
-0.778561
0.675468
0.910001
-0.251363
-0.616297
0.549000
0.014355
-0.817462
0.368762
0.913331
0.501893
0.510001
-0.770470
0.000799
-0.310000
0.494591
-0.125999
-0.310615
-0.504032
-0.024121
0.646001
-0.498290
-0.018664
0.109000
-0.124981
-0.975580
0.199291
-0.120550
0.339300
0.988001
0.950194
0.905420
0.555000
0.239068
0.996253
0.644108
0.497676
-0.426299
-0.607999
0.618431
0.618040
0.193000
-0.075965
0.639384
0.464771
0.684383
-0.630859
0.647000
-0.872842
0.887075
0.652000
0.954120
0.064957
-0.858184
0.130585
0.380301
-0.639999
-0.483569
0.119087
0.500000
0.529578
0.422932
-0.353300
0.004363
-0.040637
0.453000
0.708200
-0.714454
-0.176000
-0.771169
-0.511471
-0.698062
0.708113
-0.405738
0.873013
-0.455230
-0.396182
-0.214000
-0.488367
-0.624788
-0.729407
0.879797
0.676574
-0.225988
-0.937512
0.296005
0.998000
-0.680703
0.552467
0.885954
0.004532
-0.217291
0.219010
-0.667949
0.964190
-0.907000
0.445896
0.533392
-0.039374
-0.898923
-0.533796
0.479015
-0.007773
-0.836001
0.203000
-0.344690
-0.987642
-0.340587
-0.560002
0.399433
-0.048986
0.321968
-0.769466
0.439000
-0.141520
0.616378
-0.498833
-0.596677
0.378957
-0.114989
0.400564
0.047171
0.987000
-0.921994
0.691727
-0.205082
-0.616341
-0.438825
-0.594999
-0.210759
-0.442636
-0.016000
0.395112
0.469673
-0.375303
-0.657990
0.882715
-0.617999
-0.373844
0.604833
0.489000
-0.736884
-0.304946
-0.265394
0.015868
0.420642
-0.677999
0.599121
0.710284
-0.454000
-0.869325
0.497315
0.446734
-0.023018
0.956905
-0.222999
0.689798
0.078523
-0.427000
0.098382
0.193987
-0.899653
0.311365
-0.524349
-0.417000
-0.351113
0.838364
0.904000
0.690336
0.941515
-0.824100
0.431790
0.848981
-0.563999
0.271015
0.472805
0.290000
0.595896
-0.052565
-0.335347
-0.714132
-0.159955
-0.104999
-0.823602
-0.164437
-0.606000
0.907796
-0.229393
0.977238
-0.365707
0.110442
-0.806999
-0.651329
0.553082
-0.607000
-0.996813
-0.238983
-0.069193
-0.041796
0.887018
-0.724999
0.715604
-0.934571
-0.972000
-0.666804
0.360806
0.015105
0.689770
-0.286553
0.405000
-0.817886
0.342280
-0.995000
0.426163
-0.023164
0.102344
0.635565
0.092551
-0.319000
0.840181
0.851123
0.427000
-0.515235
-0.393968
-0.200344
-0.746810
-0.224411
-0.916999
0.910966
0.593023
0.843000
0.946438
0.811077
0.761748
-0.086497
-0.396413
0.312001
-0.576859
-0.912101
-0.541000
0.221794
-0.990981
0.790124
0.603896
0.391457
0.755001
0.762036
-0.134628
-0.841000
0.643947
0.639105
0.413428
-0.635168
-0.091590
-0.728999
0.597011
0.221627
-0.865000
0.950475
-0.741534
-0.825231
0.288417
0.259339
0.365000
-0.717103
-0.293416
0.449000
-0.010980
-0.008454
0.924104
0.614480
0.106107
0.141001
-0.768839
0.724082
0.335000
0.539599
0.861272
0.181263
0.668911
-0.755833
-0.859999
-0.137336
0.966273
0.956000
-0.141810
0.412415
-0.437204
0.298391
-0.752318
0.986001
-0.204484
0.299565
0.423000
-0.384924
-0.737523
0.444373
0.640106
0.740056
-0.179999
0.773131
0.332932
0.249000
-0.063821
-0.591675
-0.265239
0.266480
0.332575
0.550001
-0.808231
0.592874
-0.086000
0.709972
0.795753
0.034295
-0.900178
-0.974921
0.602001
0.674234
0.061509
0.193000
-0.322476
-0.864808
-0.024701
0.516400
-0.162151
-0.186000
0.158388
-0.495480
-0.342000
-0.890165
-0.709512
-0.098565
-0.508475
0.093640
0.622001
-0.275918
0.302036
0.121000
-0.281023
-0.621311
-0.510809
0.225748
0.882583
-0.788999
0.530084
0.156069
0.016000
-0.251560
0.927015
-0.032611
-0.055435
-0.045511
-0.157000
0.091578
0.320027
0.819000
-0.869401
0.247550
0.740376
0.888745
-0.169851
0.298000
0.252892
0.578267
-0.138000
-0.498658
-0.834392
0.476625
-0.694404
0.471905
-0.595999
0.163719
-0.134153
0.730000
-0.248182
-0.655846
0.612804
0.401392
-1.036023
-0.975999
-0.446941
-0.481317
0.281000
0.888661
0.587040
-1.099158
-0.877176
0.644118
0.262001
-0.144572
-0.850020
0.172000
0.972374
0.980055
0.942249
0.377254
-0.733908
0.278002
-0.651238
-0.007431
-0.233000
0.938368
0.391470
0.865932
0.300125
0.356788
-0.367998
0.631749
-0.978655
-0.640000
-0.478240
-0.226871
-0.678616
-0.387786
0.379629
-0.928998
0.624768
0.768134
-0.307000
0.481793
-0.286207
-0.462644
0.167794
-0.684790
-0.358999
-0.382784
-0.032126
-0.200000
0.968254
-0.759905
0.007493
0.084036
-0.382045
-0.170999
0.822083
-0.412262
-0.893000
-0.844789
-0.355283
0.712346
0.521728
0.732960
0.273001
-0.966219
0.483168
0.761000
0.330449
-0.680117
0.138031
0.133466
-0.149159
-0.968999
0.461718
0.713827
0.784000
-0.834236
-0.238018
0.700410
-0.077946
0.843816
0.838001
0.194414
0.936249
-0.734000
-0.478277
0.055500
-0.850614
-0.385722
0.619640
-0.244000
0.164164
-0.981752
0.894000
0.844983
-0.388435
0.939485
0.015378
0.309162
0.850000
0.403316
-0.292904
-0.899000
-0.500896
0.533555
-0.811992
-0.521531
-0.247908
-0.581000
0.818458
0.312721
0.334000
-0.083697
0.937576
0.289189
0.440084
-0.251413
-0.472000
-0.781728
0.067243
0.927000
0.064589
0.600723
0.581549
-0.028270
0.714674
0.701028
0.627543
-0.376325
-0.244000
0.805146
-0.929958
-0.181196
0.095579
0.133236
0.307028
0.264934
0.982412
-0.561000
0.651743
-0.308631
-0.173488
-0.152420
0.550438
-0.334974
-0.846133
-0.714501
-0.519000
0.679012
0.960702
-0.680072
0.841470
-0.027733
-0.540964
-0.331947
-0.013001
-0.138000
-0.859579
-0.016629
0.292708
-0.150311
0.074178
0.767034
-0.851031
0.428326
-0.062000
-0.453789
-0.757443
0.825372
-0.856501
0.945265
0.708032
-0.207524
0.525266
-0.776000
-0.325178
-0.973139
-0.736507
0.222657
0.369204
-0.473000
0.448466
-0.781808
-0.235000
-0.163610
0.029997
-0.623602
-0.595118
0.082374
0.631000
0.875115
-0.877891
0.842000
-0.680403
0.309038
-0.651863
-1.010397
0.588430
-0.275000
-0.205816
0.727155
-0.185000
0.888572
-0.060175
0.810468
-0.129104
0.424532
0.835001
-0.501482
0.134212
0.025000
-0.708394
-0.505993
0.413277
-0.163108
-0.794826
-0.697999
0.654899
0.951259
0.327000
-0.696623
-0.641548
-0.620613
0.513147
-0.782252
0.675001
0.767034
-0.819702
0.949000
-0.474556
0.817693
-0.876197
0.210634
-0.041506
0.505001
-0.187183
-1.010178
-0.863000
0.790518
0.021798
-0.531500
0.469162
0.317722
-0.217999
-0.502930
-0.601847
-0.939000
0.874898
-0.767715
0.515471
-0.313301
-0.740846
-0.269999
-0.204274
0.687632
-0.247000
-0.369044
0.225858
0.012285
-0.083256
0.875187
-0.482998
-0.830897
0.732729
-0.967000
0.865825
-0.213639
-0.443203
-0.075306
0.408159
-0.382998
-0.903958
-0.788271
-0.156000
-0.765840
0.185652
0.249678
0.564181
0.132295
0.314002
0.711996
0.737013
-0.135000
0.567007
-0.256190
0.657991
0.285212
0.674092
-0.749999
-0.358419
0.635472
-0.885000
0.425302
0.675670
0.537604
0.763893
0.937436
0.656001
0.236662
-0.149576
-0.023000
-0.925329
0.921299
0.309386
-0.409566
0.893066
-0.300999
0.528718
-0.856511
-0.738000
0.616458
-0.040724
-0.894991
0.475520
-0.049467
0.820001
-0.810935
-0.224927
0.055000
0.560412
-0.775280
-0.554187
-0.688900
-0.899670
0.261000
0.745376
0.410060
0.386000
0.253127
0.518467
0.014031
0.509680
0.515281
-0.190000
0.892154
-0.350436
0.288000
0.855420
-0.617791
0.087738
0.416748
-0.317897
0.589001
0.898073
-0.900537
-0.490000
-0.460172
0.907663
-0.366533
-0.497806
0.837441
0.295000
1.001218
-0.247664
-0.390000
0.496309
0.133452
-0.254783
-0.094152
-0.631820
0.257000
0.053328
0.161192
0.951000
-0.610611
-0.074425
-0.265245
0.716432
-0.314277
-0.720999
0.020406
-0.289848
0.671000
-0.921851
-0.479902
-0.189474
-0.624089
0.954889
-0.529999
0.787876
0.087169
-0.240000
-0.824466
0.602051
0.554985
0.202838
0.560040
-0.788999
-0.683285
0.056932
-0.242000
-0.266082
-0.373474
-0.012036
-0.922737
-0.707103
-0.851999
0.670773
-0.441541
0.621000
0.752105
-0.264594
0.087888
-0.535134
-0.869725
0.683001
-0.955477
-0.236410
0.878000
-0.572885
-0.709934
0.436229
0.494467
0.502576
0.935001
0.160890
-0.352573
-0.403000
0.357306
-0.679999
0.938432
0.848833
-0.940282
0.053000
-0.894562
0.663636
0.127000
-0.714137
-0.871943
0.359585
0.750490
0.002241
-0.967999
0.384896
0.220617
-0.933000
0.206803
-0.343108
0.466243
-0.777861
0.160362
-0.273000
-0.327227
0.853287
0.769000
-0.422924
-0.200741
-0.473866
-0.000871
0.509288
0.462002
-0.685734
0.477385
0.772000
-0.842242
0.758209
-0.305815
0.379025
-0.800595
0.730002
-0.042127
-0.996225
0.547000
-0.436973
-0.844181
0.010257
0.339678
0.872413
-0.472998
-0.131869
-0.514159
0.987000
-0.896223
0.435008
0.926321
-0.932626
0.854982
-0.604999
-0.387755
-0.739627
-0.523000
-0.822995
-0.620539
0.223155
0.331082
0.146418
0.285000
0.244727
-0.239423
-0.920000
0.113512
-0.123615
0.071730
0.912590
0.013663
-0.703999
-0.579468
0.848441
0.999000
-0.834527
0.121212
-0.572896
0.160699
0.479761
-0.605999
-0.573161
-0.128368
-0.219000
0.618738
0.838625
-0.585246
0.516943
0.566020
-0.766999
-0.111454
-0.413811
-0.701000
0.272570
-0.722162
-0.572693
0.878902
-0.287592
-0.098000
0.117396
-0.227173
0.140000
0.646040
0.315690
0.584807
0.162707
0.350432
-0.779000
0.676381
0.277331
0.950000
-0.571572
0.851563
0.978085
0.800978
-0.123153
-0.618000
0.656812
0.430683
-0.493000
-0.979286
0.847773
0.524191
-0.616304
-0.615275
-0.694000
-0.920126
0.938209
0.102000
0.653158
0.815659
-0.855747
0.502284
0.104468
-0.631971
-0.755162
0.255846
0.072000
-0.065503
-0.991604
-0.477688
0.398849
-0.830444
0.224028
-0.263917
0.635343
0.840000
-0.237827
0.151357
-0.033899
-0.100802
-0.185338
0.113026
-0.686845
-0.915137
0.843000
-0.497886
-0.989219
-0.928400
-0.275142
-0.798184
-0.085962
-0.585283
-0.501184
-0.236000
0.519772
-0.266758
-0.644887
0.215283
-0.971771
-0.599964
0.302577
0.609359
0.680000
-0.541876
0.581035
-0.861127
-0.220858
0.324987
0.769034
0.890364
-0.383648
-0.203000
-0.238249
0.475827
0.499689
-0.693534
0.608853
0.268000
-0.271050
0.119282
-0.647000
0.565599
0.731412
-0.780100
-0.117942
0.084448
0.286000
-0.667213
0.283477
0.474000
-0.433116
-1.053435
-0.230367
0.627606
0.290854
-0.790000
0.025531
-0.432205
0.720000
0.649811
-0.996982
0.244774
0.219934
0.191135
0.724001
-0.384735
-0.986930
-0.651000
0.127276
-0.292744
0.643634
-0.423509
-0.687034
-0.921999
-0.114101
0.723270
-0.397000
0.681186
0.057787
-0.452281
0.702509
0.734136
0.875001
-0.795187
-0.052552
-0.484000
0.372580
-0.239510
0.228531
0.798547
0.940910
-0.543999
-0.546137
-0.872258
0.568000
0.115181
-0.025209
-0.667565
0.073700
0.131110
-0.271000
0.508334
-0.109137
0.751000
-0.823511
0.178309
-0.042170
0.722725
-0.427226
0.065000
-0.037666
0.598226
0.890000
-0.900877
0.065069
-0.617587
0.641677
-0.112673
-0.192998
-0.756686
-0.149735
0.770000
-0.097340
0.678290
-0.105630
-0.724180
0.568344
-0.285998
-0.311447
-0.393132
0.490000
-0.862831
0.877047
0.483124
-0.718200
0.389886
-0.830998
1.002473
0.806589
0.929000
-0.839311
0.515578
-0.337139
-0.691908
0.628205
-0.210000
0.498575
0.276568
0.653000
-0.990406
0.179235
0.215854
-0.090645
-0.904677
0.848001
-0.916296
-0.162153
-0.688000
0.870707
-0.335488
0.573111
0.837500
0.911012
0.798001
0.793687
-0.542960
0.954000
0.236498
-0.822470
-0.041156
-0.520807
-0.778860
-0.493000
0.412859
0.783730
-0.665000
0.095959
0.336084
0.452614
-0.782423
-0.753557
-0.804999
0.071921
0.669081
0.471000
-0.058509
0.867434
0.026477
0.294800
-0.279392
0.869001
0.343972
-0.938532
0.763000
0.536573
-0.118003
-0.162623
0.926106
-0.835246
-0.769999
0.048079
-0.173034
-0.112000
0.738604
0.051061
-0.684269
-0.504199
-0.441189
-0.389000
0.662117
-0.837793
0.669000
-0.900238
0.246893
-0.191754
-0.243341
-0.060233
-0.182000
-0.768865
-0.023773
-0.463000
0.265442
0.759754
-0.344119
-0.647351
0.883426
0.283000
-0.821568
0.572590
-0.180000
0.777291
-0.124354
-0.737199
-0.863226
0.845626
0.590001
1.008217
-0.388080
0.129000
-0.808037
0.377731
0.832453
0.300789
0.424422
0.108000
0.714245
0.853877
-0.116000
0.790644
0.594330
-0.707285
0.346666
-0.625396
-0.267000
0.271324
0.310099
-0.119000
-0.414017
0.409362
0.718806
-0.609837
-0.583898
-0.338000
-0.796145
-0.231333
0.789000
-0.185420
0.703572
0.022489
-0.320811
0.815531
-0.080000
-0.279615
-0.777367
-0.622000
-0.099988
-0.558393
-0.298728
0.601051
0.634812
0.848002
-0.340354
-0.226171
-0.950000
-0.814849
0.880031
0.899955
0.486005
-0.680975
-0.357998
0.688190
-0.157772
-0.884000
-0.050430
-0.785700
0.194290
0.617640
0.102616
0.826002
-0.314795
-0.286499
-0.356000
-0.840820
-0.252666
0.720893
-1.032865
0.658411
0.337001
-0.562228
-0.196795
0.579000
0.964288
0.054208
0.838303
0.967370
-0.279722
-0.447999
-0.571923
0.063625
-0.558000
-0.260942
-0.893147
-0.734763
0.340386
-0.715813
0.437001
0.225332
-0.395108
0.885000
0.202051
-0.575094
0.102564
0.051587
0.653358
-0.341999
0.312368
0.348224
0.578000
-0.480249
0.556709
0.873987
-0.877124
0.029020
-0.300999
0.307390
-0.290374
-0.285000
-0.858486
0.175916
-0.039367
0.180129
0.708043
-0.923999
-0.791004
-0.832005
0.529000
-0.676903
0.504294
0.047834
-0.486079
0.373744
0.403000
-0.465658
0.565621
-0.487000
0.813789
0.078164
0.506102
0.093117
-0.094316
-0.886999
0.746759
0.707924
-0.944000
-0.129970
-0.915831
-0.778449
0.971293
0.394339
-0.863999
-0.014055
-0.111843
0.471000
0.232414
-0.716213
0.966167
-0.220085
0.834137
0.543000
-0.879366
-0.986767
0.809000
0.274386
-0.383204
-0.148339
-0.018475
-0.818703
-0.956000
-0.514956
-0.263620
0.597000
0.872438
-0.466813
0.040472
-0.122019
0.442853
-0.094000
-0.371796
-0.048639
0.313000
-0.344349
-0.089024
-0.834521
0.491053
-0.988060
-0.991968
0.194513
-0.354038
-0.272000
0.863219
0.660284
-0.425927
-0.377471
-0.817500
0.711031
0.591530
-0.694196
0.760000
-0.262241
-0.270221
0.087513
0.315239
-0.593462
0.120028
0.851831
-0.846505
0.641000
0.258667
0.343282
0.318655
0.981592
-0.984608
0.136041
-0.527690
0.827052
0.583000
0.851622
-0.768355
0.302131
-0.602680
0.931458
-0.247960
-0.326187
0.831743
-0.989000
0.381731
0.596033
0.226879
-0.778686
-0.556180
0.101037
-0.688770
-0.515578
-0.183000
-0.857853
0.230268
0.470306
-0.950359
0.703220
-0.683000
0.946606
-0.803375
0.974000
-0.484932
0.408110
0.436104
0.595488
-0.922005
-0.572000
0.166313
-0.113377
-0.259000
0.565207
0.888817
-0.685298
-0.553587
0.506451
-0.556000
-0.958299
0.488943
-0.898000
1.030507
0.758026
-0.023520
-0.010158
0.488307
-0.986999
0.138544
-0.594471
-0.479000
0.367215
0.860662
0.454717
-0.296900
-0.360658
-0.793999
0.983991
0.239316
-0.924000
-0.411592
-0.698278
0.164282
0.169512
-0.673600
0.487000
0.131185
0.182430
0.277000
0.084944
0.008337
0.591019
0.530208
-0.841562
-0.869999
0.946520
-0.063154
0.683000
-0.274277
-0.482250
0.528550
0.432966
0.840490
-0.122999
1.001126
-0.441984
0.785000
-0.747387
-0.924797
-0.041786
-0.359024
-0.540461
0.895001
0.027442
0.618447
-0.162000
0.096964
-0.684246
-0.559917
-0.061165
-0.994755
0.922001
-0.748704
0.698259
0.709000
0.623319
-0.332750
-0.044085
0.532349
0.859375
-0.252999
0.774339
-0.596651
0.486000
-0.453131
0.724458
-0.202932
-0.333853
-0.746725
0.928001
-0.419630
-0.517851
0.085000
0.721637
0.632894
-0.071043
-0.875563
-0.628492
-0.383999
0.467687
-0.458242
-0.783000
0.170276
-0.640313
-1.016346
0.762285
0.918707
-0.985999
-0.900551
-0.889895
-0.744000
0.636808
-0.209415
0.708558
0.244134
-0.301429
0.965001
0.289596
0.182230
0.390000
0.295592
0.052195
0.314472
0.383873
-0.131771
0.542001
0.136744
-0.384192
0.500000
-0.629456
0.402141
-0.024089
0.446488
0.850460
0.201000
-0.924659
-0.433038
-0.332000
-0.516396
-0.984972
0.461285
-0.793960
-0.789310
0.905001
-0.002415
-0.431513
0.079000
-0.592257
0.366658
-0.917837
0.596474
0.282517
0.403000
-0.890062
-0.301590
0.079000
0.216852
0.705227
0.943420
-0.652932
-0.292969
-0.528999
-0.410749
0.284934
-0.737000
0.570180
0.414569
0.810552
0.750662
-0.785081
0.433000
0.822839
-0.676886
-0.429000
0.158708
0.204168
-0.734275
-0.846569
0.711050
-0.814999
-0.924389
-0.555148
-0.056000
-0.378354
-0.207369
0.794269
0.210745
0.132955
0.951001
0.950375
0.813494
-0.640000
-0.764533
-0.584235
-0.993474
-0.938397
0.489252
0.161001
-0.831129
-0.325181
-0.101000
0.239969
-0.641313
-0.719132
-0.520804
-0.479546
-0.203999
0.419481
-0.923217
-0.043000
0.970452
0.789972
0.136029
0.750872
-0.242173
0.557002
0.165199
-0.297433
0.686000
1.003356
0.129377
-0.277608
0.285497
0.619424
0.457002
1.013832
-0.212008
0.952000
0.027992
-0.412188
-0.709676
-0.325503
0.111630
-0.805999
-0.896424
-0.120403
-0.805000
-0.026733
-0.506688
-0.437042
-0.769523
0.591232
0.843001
0.066845
0.744191
0.932000
-0.212316
0.234939
0.012290
0.873179
-0.243370
0.719001
0.734439
-0.746485
-0.207000
0.917153
0.041129
0.169780
-0.593973
-0.991640
-0.203000
-0.098822
0.787341
-0.632000
-0.590290
-0.938447
0.563598
-0.851810
-0.426133
0.274000
0.067350
0.819561
-0.778000
0.262193
0.752759
0.538130
0.576318
0.010013
-0.400000
0.744562
0.883237
-0.643000
0.906655
0.366095
0.968808
0.355304
-0.067373
-0.906999
-0.454678
-0.983752
-0.669000
0.459274
-0.315728
-0.384987
-0.883029
-0.129219
0.461000
-0.076925
0.946055
0.768000
0.673333
-0.578944
0.157309
0.765735
0.817303
-0.339000
0.941387
0.112929
0.763000
-0.422806
-0.529651
0.160425
0.523871
0.531895
0.218001
0.311789
0.526276
-0.086000
0.142071
0.896214
0.461901
0.910817
-0.944007
0.988001
0.988231
-0.682284
-0.514000
-0.783066
-0.121462
0.227673
-0.959764
0.101126
0.105001
-0.106396
0.674478
-0.970000
-0.529045
-0.654216
0.394267
0.004078
-0.597483
-0.706999
0.787552
0.769338
-0.622000
0.802028
-0.799110
-0.333958
0.493654
-0.035751
0.677001
0.625292
-0.284299
0.084000
0.526755
-0.040074
0.007708
0.674933
0.900949
0.777001
-0.121804
0.403141
0.826000
0.277568
0.873903
-0.796496
-0.767104
-0.003421
-0.782967
0.258334
0.610781
0.820000
0.224888
0.344109
0.409614
-0.823628
-0.484035
0.786032
1.008361
0.617460
-0.665000
0.541896
0.842675
0.505426
0.078482
0.720934
-0.891970
0.051366
0.336421
0.312000
-0.552986
0.417934
0.955424
0.939467
0.015268
-0.322955
0.291859
0.332529
-0.659000
-0.906205
0.935485
0.820989
0.638622
0.284527
-0.171957
0.299679
0.050083
-0.370000
0.199209
-0.057092
-0.715904
0.789618
0.519217
0.312040
-0.408111
0.304406
-0.805000
0.085098
0.631239
-0.390864
0.832196
-0.058106
-0.757000
-0.784548
0.181185
-0.764000
-0.817967
0.835152
0.361426
-0.812767
-0.445784
0.725000
0.774403
0.095978
-0.899000
0.824811
0.884036
0.957418
-0.348996
0.789198
-0.490000
-0.627871
-0.764178
0.209000
-0.362696
-0.231085
0.109058
0.796906
0.811548
-0.009998
-0.362437
-0.614182
-0.632000
0.357524
-0.078305
-0.243478
-0.727301
-0.074196
-0.166999
0.549780
0.076144
0.826000
-0.706490
-0.153286
0.372145
0.755843
-0.721414
-0.360998
0.833563
-0.650617
0.068000
0.319224
0.928160
-0.861493
-0.684549
0.108408
-0.395999
-0.159354
-0.932465
0.168000
-0.793403
-1.012678
-0.065309
0.681657
-0.821832
-0.857999
-0.646016
0.208711
-0.202000
-0.910760
-0.089897
0.785913
-0.437815
0.296436
-0.955999
-0.577802
-0.921668
0.821000
-0.626703
0.000154
-0.825871
0.053303
0.034857
0.041001
-0.701990
0.649680
-0.066000
0.558601
0.045684
-0.602385
0.184056
-0.935962
-0.817999
-0.176133
0.895708
0.371000
0.663404
0.622068
-0.869943
-0.724920
0.504791
-0.503999
0.106259
0.188462
0.271000
0.053123
-0.992242
0.088440
-0.859208
-0.174569
0.094001
-0.856154
0.484098
-0.320000
-0.959290
0.439674
0.537890
-0.959630
0.083813
-0.693999
0.669211
-0.308321
0.573000
-0.250420
0.302397
-0.789744
0.405771
-0.640007
0.126000
-0.315769
-0.642695
0.182000
0.949376
-0.407810
0.265143
-0.121340
0.290577
-0.723999
-0.882017
-0.070430
0.144000
0.462387
-0.537445
0.343132
-0.637428
-0.468281
-0.427999
-0.920437
0.329161
-0.375000
0.981523
0.901978
-0.985705
0.126780
0.706696
0.329001
-0.062593
-0.198490
0.380000
0.664197
-0.077597
0.554772
-0.249409
-0.648784
0.932003
0.364496
0.262912
0.961000
-0.904759
0.723106
0.004812
-0.681285
0.209593
-0.966997
0.063469
0.503022
-0.318000
-0.154655
-0.230563
-0.139559
0.192003
0.109222
0.771003
-0.018720
0.627615
0.606000
0.719013
0.279236
-0.377811
-0.323640
-0.684453
0.711004
-0.070453
-0.069404
0.221000
-0.888320
-0.555303
-0.483579
0.778000
0.814994
0.702004
-0.396319
0.633532
-0.929000
-0.225421
-0.799868
-0.768098
0.539577
-0.758951
0.114004
0.974382
-0.823127
0.684000
-0.036973
-0.177682
0.664234
-0.166993
-0.516062
0.179010
-0.004622
-0.973105
-0.629000
0.371860
0.052197
0.718546
0.299817
-0.454944
-0.537990
-0.468372
0.694472
-0.332000
0.544059
-0.421829
-0.251988
-0.273937
-0.673389
-0.852990
0.347847
-0.992278
0.203000
-0.394197
0.992719
-0.072705
-0.528708
0.270530
-0.512999
0.780892
0.783547
-0.693000
0.430694
-0.489665
-0.219276
0.090796
-0.147275
0.821001
-0.716323
-0.155213
-0.168000
1.006995
0.824479
-0.076958
-0.610032
0.166415
0.238001
-0.596841
0.586800
-0.938000
0.645671
-0.900489
0.921462
0.931647
0.036102
-0.589999
0.180451
0.787515
-0.473000
-0.040773
0.952975
-0.889775
0.078447
-0.564130
0.872001
-0.085690
-0.948896
0.656000
-0.364515
0.034929
0.550629
-0.480294
-0.286952
0.620001
0.585453
-0.994814
0.667000
-0.591478
-0.202014
0.592907
0.511218
-0.219619
-0.417000
-0.399775
-0.267065
0.881000
0.345712
-0.119910
-0.781581
-0.837687
0.231342
-0.774000
0.618535
0.012572
0.960000
-0.311400
-0.980338
-0.888036
-0.656174
0.477892
0.090000
-0.288275
0.329070
-0.248000
-0.763764
-0.610574
-0.444136
0.657106
0.732299
-0.555995
-0.178611
-0.067941
0.212000
-0.547451
-0.446365
-1.006196
-0.936124
0.907161
-0.075995
0.019807
-0.428450
0.332000
-0.396669
0.716411
0.829602
-0.916364
-0.255417
-0.882995
-0.796113
0.418384
0.985000
-0.113494
0.600540
-0.740779
-0.892700
0.550460
0.255001
0.275120
0.536205
0.639000
-0.924226
-0.495687
0.815752
-0.392742
-0.254225
-0.409999
0.374646
-0.321333
-0.295000
-0.663451
-0.013434
0.739198
-0.257668
0.089461
0.280001
-0.761772
-0.269253
-0.386000
-0.179311
0.142495
-0.947581
-0.354295
-0.133736
0.605035
0.529075
-0.213779
0.043000
0.407199
-0.308518
0.017541
-0.168898
0.586146
-0.654967
-0.027561
-0.842903
0.076000
-0.569274
-0.193981
-0.633077
-0.152345
-0.789520
0.221031
0.539897
-0.498222
0.114000
0.022209
-0.591421
0.244878
-0.215044
-0.349490
-0.661953
-0.927471
0.117744
-0.643000
-0.905970
-0.804249
0.197527
-0.287611
-0.359702
0.405046
-0.373333
0.063900
0.777000
0.001651
-0.547195
-0.624149
0.865292
-0.776912
-0.325958
0.825325
-0.753579
0.203000
-0.095095
0.268834
0.315674
0.131944
0.775530
-0.464000
0.961341
-0.880094
0.082000
-0.483047
0.756189
-0.424302
0.374176
0.685268
0.516000
0.241562
-0.621788
0.288000
0.279339
-0.339244
-0.652963
-0.615211
0.391544
-0.232000
0.810345
-0.383816
-0.426000
0.095432
0.593208
-0.364369
0.843128
0.331957
-0.507990
-0.177480
-0.113114
0.146000
0.354806
0.805069
0.075336
0.333087
0.671716
-0.032990
0.381336
-0.514846
-0.128000
-0.636964
0.487732
0.011990
0.397769
-0.877628
-0.699990
-0.674399
-0.443775
-0.937000
-0.373374
0.539474
-0.730447
-0.165302
0.060829
-0.614999
0.230913
0.463285
0.002000
0.216808
-0.058165
0.736809
0.049102
-0.912605
-0.832999
0.792196
0.108818
-0.386000
-0.167425
-0.427003
0.010590
0.309619
0.795330
-0.820999
0.360599
0.391624
-0.611000
-0.009898
0.323595
-0.212715
0.772528
-0.557809
0.983001
-0.563775
-0.004939
-0.886000
-0.313016
0.089105
0.792577
0.326333
-0.854933
-0.715999
-0.299435
0.377403
0.023000
0.710095
0.318394
0.653379
-0.687888
-0.428194
-0.313000
-0.467608
0.009499
-0.942000
0.659140
-0.894227
-0.883781
0.594641
-0.442989
-0.661000
0.008407
0.071415
-0.793000
0.794056
0.220387
0.281525
0.140253
-0.282921
-0.707000
-0.279690
0.984337
0.007000
-0.480707
-0.628817
-0.650396
0.630390
0.644220
-0.354000
0.966514
-0.638383
0.894000
-0.912381
-0.314806
-0.770332
0.475391
-0.324841
-0.248995
-0.586117
-0.117938
0.959000
0.643675
0.326659
-0.813169
0.181497
-0.190325
0.025005
-0.246909
-0.516185
-0.450000
0.686174
-0.379107
0.584397
0.064676
-0.483611
0.595005
0.637024
0.931131
-0.225000
0.846697
-0.308789
-0.468030
-0.544833
-0.182055
0.282005
0.445954
-0.225776
-0.448000
0.438894
-0.257052
-0.326215
0.753926
-0.106729
0.773004
-0.934946
-0.646564
0.649000
-0.313337
-0.669433
0.960258
0.527239
-0.120163
-0.774996
0.809715
-0.005271
0.279000
-0.274308
0.287101
0.943837
0.705974
-0.536086
0.860002
-0.329230
0.524219
0.850000
-0.397205
0.045218
0.501089
-0.492725
0.206785
0.644002
-0.204465
-0.444279
0.829000
-0.606710
0.334693
-0.698212
-0.137338
-0.456929
0.154002
-0.680894
-0.653743
-0.736000
-0.609770
-0.500899
0.895061
0.826698
-0.026740
-0.603995
0.354564
0.806830
0.339000
-0.510350
0.186986
-0.908474
-0.881024
0.652422
-0.053995
-0.040597
0.791075
-0.219000
-0.813495
-0.466039
0.179159
0.709624
0.394573
0.551005
-0.466238
0.428826
0.150000
0.708935
0.994159
0.148859
0.595315
-0.238902
-0.909999
-0.867349
0.820171
0.976000
0.296090
-0.318942
0.440167
0.350269
-0.696701
-0.784999
0.546387
0.926345
0.124000
-0.078006
-0.923164
-0.704851
0.698738
-0.786846
0.008000
-0.023145
-0.398352
0.886000
0.770097
-0.461678
-0.395151
-0.774550
-0.237749
-0.295000
0.430494
0.750146
0.938000
0.666200
-0.858095
-0.324483
0.166459
-0.717144
-0.156000
0.975112
0.570448
-0.901000
-0.847444
0.800751
0.408148
-0.250757
-0.649450
0.298000
-0.873613
-0.309417
-0.089000
0.850311
-0.135075
-0.847647
-0.680465
0.780002
0.148001
-0.790079
-0.910057
-0.490000
-0.887017
0.508218
-0.992340
-0.162428
0.006241
-0.745999
0.874783
0.510233
-0.155000
0.477306
0.240987
-0.424130
-0.748766
-0.416970
-0.918999
-0.771456
0.403534
0.274000
0.483703
-0.991432
-0.778615
0.386386
-0.162780
-0.226995
0.895927
0.548573
-0.446000
-0.090360
-0.732718
-0.292107
-0.597411
0.159585
-0.579996
0.762292
-0.556878
-0.951000
0.151312
0.487535
0.088125
-0.659717
0.060618
0.824004
-0.479759
0.393146
0.120000
-0.170683
0.703191
0.572806
-0.812303
0.381512
-0.472000
0.309952
0.545551
0.271000
0.488315
0.384466
-0.422831
0.427185
-0.237190
0.957000
-0.910576
0.056547
-0.885000
0.900784
0.803393
-0.643903
1.000183
0.120841
0.001000
-0.301323
-0.569786
-0.784000
0.723251
-0.404096
-0.967827
-0.636271
0.315946
-0.141963
-0.339706
-0.373488
-0.021000
0.395191
0.473951
0.317775
-0.160391
-0.415224
-0.049965
-0.846863
0.936579
0.742000
0.040394
-0.935368
-0.860880
0.336398
0.247776
0.893033
0.593200
-0.193895
-0.929000
0.661555
0.273910
0.935209
-0.740473
-0.618598
0.518051
0.850452
-0.452580
-0.455000
0.061352
0.257270
-0.645346
-0.805394
0.257789
0.411049
1.018976
-0.790149
-0.773000
0.408647
0.094121
-0.520813
-0.539800
0.399317
-0.285955
0.152880
-0.456083
-0.426000
0.777460
0.451456
-0.491557
0.701085
0.610703
0.763000
0.498527
-0.220569
-0.238000
-1.001655
0.930028
0.530580
0.607742
-0.988709
0.365000
-0.845626
0.160531
0.831000
0.766343
-0.460871
-0.040864
0.578615
-0.065585
-0.037000
-0.459646
0.829091
0.174000
0.353414
-0.057349
0.697982
0.558479
0.365179
-0.686995
-0.021993
0.681293
-0.661000
0.108254
0.779868
0.933383
-0.803152
0.170065
-0.229995
0.490187
0.514048
-0.141000
-0.217134
-0.180253
0.925143
0.227023
0.417877
-0.103994
0.669814
0.156336
0.747000
-0.705766
0.366602
0.884186
-0.098225
-0.665782
-0.934999
-0.803363
-0.164437
-0.717000
0.573848
-0.263188
-0.583268
-0.020770
0.395404
0.823001
-0.055916
-0.349194
-0.071000
0.674457
-0.774325
0.516483
0.224157
-0.510498
-0.363000
-0.541574
-0.955366
-0.109000
0.090105
-0.205743
0.604591
0.566856
0.501396
0.856001
0.154540
-0.156451
0.817000
0.187026
-0.590448
-0.760768
0.132914
0.003987
-0.094000
-0.048615
-0.873373
0.069000
-0.770176
-0.561433
-0.600465
0.281131
-0.707995
0.777001
0.910870
-0.661989
0.670000
0.943755
0.476377
-0.094254
0.128175
0.757620
0.190001
-0.103556
-0.037386
0.564000
-0.159526
0.527083
-0.448125
0.141607
0.878812
-0.683999
0.792777
-0.097937
0.514000
0.820465
0.019420
0.796388
0.467294
-0.862610
-0.816999
0.335181
0.390677
-0.613000
-0.073907
-0.127720
0.287522
0.814695
-0.639388
-0.543996
-0.709497
0.642807
0.291000
0.188123
0.294241
0.076674
-0.119680
0.279279
-0.350995
0.194201
0.202533
0.901000
-0.053628
0.751771
0.100371
0.301228
-0.974999
-0.871996
-0.628659
-0.257198
0.801000
0.008504
0.848183
-0.382722
0.560484
0.072065
-0.873999
-0.253584
0.779297
-0.329000
0.944980
0.763211
-0.810202
0.326631
0.950721
0.341000
0.952019
0.402763
0.184000
-0.779213
0.519333
-0.303513
0.150999
0.045921
-0.525999
0.757566
0.634050
0.383000
-0.696875
-0.490041
-0.829339
0.146441
-0.140997
0.693000
0.335237
0.485703
0.929000
0.980584
-0.048531
0.129878
0.300663
0.140327
-0.881000
-0.310674
-0.656106
-0.263000
-0.637692
0.262353
-0.059962
0.253525
-0.486185
0.428000
-0.769149
0.710329
0.660000
0.472772
0.157640
-0.341705
0.809258
0.062163
-0.626000
-0.636315
-0.565531
-0.260000
-0.628183
0.779600
-0.033106
-0.305115
-0.587497
-0.283000
0.672138
-0.162734
0.073000
-0.708769
-0.733552
-0.183947
-0.710386
0.604782
-0.003999
0.193911
-0.795729
0.596000
0.037595
-0.202799
-0.327742
0.405420
0.758683
-0.974999
0.619088
-0.081026
0.444000
-0.377092
0.239414
0.471169
-0.814289
-0.771840
0.216001
-0.570675
-0.650338
-0.391000
0.953086
-0.193306
0.759429
-0.681587
0.623949
-0.080998
-0.002871
0.397211
0.312000
-0.700582
0.026876
-0.531060
0.300535
-0.816654
0.994001
-0.740404
0.520041
0.568000
0.124341
0.850685
-0.184891
-0.308223
-0.424947
0.216000
-0.661058
-0.403794
0.511000
-0.447489
-0.244244
-0.290495
0.835999
0.692867
-0.741999
-0.525724
-0.332623
0.512000
0.528340
-0.814731
-0.790841
0.238794
-0.078620
0.957002
-0.137899
-0.025101
0.235000
0.604390
-0.804443
-1.000674
-0.309648
-0.201261
-0.486999
-0.884689
-0.079121
0.010000
0.486692
-0.349835
0.877009
0.335096
0.198819
-0.547999
-0.566237
-0.555887
-0.834000
0.531349
-0.000151
-0.348972
0.944502
-0.423894
0.224002
-0.695739
-0.390825
-0.571000
0.306654
-0.618247
0.557515
0.773010
0.243983
-0.850999
0.903352
0.748023
-0.704000
0.210659
0.919438
0.939937
0.985378
0.131760
0.187000
0.619998
0.868274
-0.110000
0.902297
0.595247
0.417620
-0.096279
-0.819891
-0.142000
-0.086087
0.283007
0.677000
-0.617029
-0.729524
0.627864
0.154296
0.445791
-0.831000
-0.711439
0.687604
0.392000
0.877155
0.717382
-0.104150
0.989814
0.011531
-0.576000
0.730589
-0.446677
-0.294000
-0.130873
-0.278654
-0.289155
-0.484199
-0.552862
0.871039
0.657542
0.885723
-0.887000
-0.137657
-0.390303
0.205170
0.389959
0.435550
-0.620963
0.454410
-0.314867
0.712000
-0.536519
0.450373
-0.640314
-0.365253
0.551618
-0.712967
0.750417
-0.978418
0.375000
-0.213773
0.446667
0.687722
-0.612090
0.711489
-0.288948
-0.131694
-0.838701
0.839000
0.817380
-0.466720
0.893980
-0.862128
0.820616
0.950050
0.751236
-0.552846
-0.624000
0.452850
0.519892
-0.705143
0.086841
-0.923195
-0.309955
-0.479707
0.581255
-0.622000
0.756071
-0.884655
0.269603
0.805703
-0.080117
0.762000
-0.295870
-0.163494
-0.250000
0.091610
-0.660095
-0.103212
-0.393226
0.954054
0.714000
0.108782
-0.679530
0.850000
-0.761126
-0.616428
-0.578480
0.264065
-0.249115
0.073000
0.881877
-0.745089
0.598000
0.862871
-0.620282
0.591256
-0.799271
0.674141
0.030002
-0.157586
-0.880891
0.599000
-0.361921
-0.338063
-0.767246
-0.774990
-0.636845
-0.996000
0.636299
0.486362
0.859000
-0.133056
0.227536
0.570412
-0.355207
-1.023813
-0.879000
0.451777
0.328864
-0.182000
0.280707
-0.074077
-0.355088
0.066977
-0.778816
0.729002
0.146493
0.649077
0.124000
0.787483
-0.337160
-0.348687
0.116723
0.127484
0.678001
-0.454946
-0.290766
0.743000
-0.972678
-0.073698
0.108255
-0.002905
0.154041
-0.265999
0.853223
0.873152
-0.656000
-0.012733
0.865496
-0.300491
-0.206106
0.102330
0.455001
0.035702
0.901119
-0.290000
0.497373
0.150405
0.156804
-0.953641
0.401906
-0.459000
-0.170235
-0.525947
0.862000
-0.342173
0.274224
-0.363577
0.780020
0.985549
-0.012000
-0.013994
0.093066
-0.469000
0.755961
0.345642
0.281338
0.203961
0.051342
-0.870999
0.419641
0.953806
0.171000
-0.734187
0.539736
-0.962311
0.594149
0.964999
-0.176999
0.551237
0.824474
-0.777000
-0.142237
0.038919
0.858626
0.527007
-0.236071
0.458001
0.492118
0.447499
-0.830000
-0.090943
-0.169856
-0.960399
-0.641364
-0.254673
0.922001
-0.023519
-0.256244
0.459000
-0.053386
0.711276
-0.034443
-0.986098
0.241113
-0.049999
-0.301072
0.887066
-0.535000
-0.737755
0.546759
0.758372
-0.102535
-0.945997
0.428000
0.928280
0.169086
0.123000
-0.753352
0.225460
0.270391
-0.403304
0.730656
-0.048999
0.911370
0.455979
0.620000
0.008068
-0.816576
-0.921604
-0.245479
-0.188453
-0.332000
-0.023984
0.967928
-0.814000
-0.098366
-0.486066
-0.778359
-0.165819
0.378166
-0.876000
0.257276
0.640271
0.335000
0.889372
0.291904
-0.318171
0.252662
0.306283
-0.818985
0.286312
-0.387622
-0.535000
-0.937511
-0.617352
-0.883560
-0.232713
-0.063365
-0.438989
-0.644089
0.293556
-0.847000
0.326868
-0.133329
0.681806
-0.829544
0.277572
-0.756997
0.999288
0.381167
-0.313000
-0.557375
0.549279
0.946626
0.070694
0.706015
-0.258987
-0.948192
0.524926
0.269000
0.458202
-0.177542
-0.449695
0.071801
-0.196839
-0.622992
0.580099
-0.675313
0.250000
0.415742
-0.294926
-0.144290
-0.407082
-0.399031
0.791003
0.614211
0.962396
0.679000
0.115888
-0.643662
-0.168836
0.250741
0.479294
0.661010
0.113393
-0.260505
0.915000
0.911415
0.661129
0.926670
-0.168101
-0.406640
-0.991994
0.889399
-0.750111
0.516000
-0.780393
-0.327618
-0.604210
-0.704723
0.227175
0.283002
-0.047986
0.920459
-0.334000
0.522371
0.643776
0.893252
0.626254
-0.136143
0.931010
-0.864920
0.448191
0.817000
0.142870
-0.675500
-0.450024
-0.822280
0.314292
-0.492994
0.643219
-0.479816
-0.161000
-0.602260
0.598172
-0.446315
-0.153011
-0.276047
-0.854997
-0.803474
-0.897740
-0.212000
0.407877
-0.851978
0.787500
0.872442
0.613787
0.905007
-0.485246
-0.122353
-0.999000
0.128642
-0.127452
0.458514
-0.051106
-0.041259
0.650003
0.797484
-0.108423
-0.146000
0.051807
-0.402245
-0.368351
0.081751
-0.340960
0.095002
0.513889
0.002530
0.516000
-0.874340
-0.865899
0.566867
-0.354466
0.536444
0.124003
-0.118341
-0.415752
0.086000
0.651739
-0.708381
0.484988
0.188828
0.474020
-0.636999
-0.310042
0.625177
-0.724000
0.103235
0.806726
-0.467974
0.182528
0.641137
-0.830000
-0.844925
0.734564
0.043000
-0.032862
0.010258
-0.949604
-0.706288
-0.321545
-0.718998
0.783202
-0.580605
-0.614000
0.294900
0.719739
0.198262
0.355500
0.657429
-0.847000
0.444700
0.340459
0.107000
0.427757
-0.690005
-1.009308
0.780230
-0.859679
0.715000
-0.276808
0.135116
-0.594000
-0.680740
-0.173096
0.374162
-0.465518
0.542310
0.796040
0.804608
-0.424979
0.337000
0.621545
-0.434823
-0.713764
0.058690
0.663390
-0.403965
-0.305187
-0.392031
-0.299000
-0.092071
0.685795
-0.901368
-0.779887
-0.935019
-0.464970
0.981156
-0.795295
0.873000
-0.584137
-0.115347
0.736891
-0.476260
-0.718376
-0.506949
-0.817674
0.761322
-0.069000
-0.518387
0.851276
0.004622
-0.502805
0.003637
-0.206955
0.769527
0.757050
-0.680000
-0.493047
-0.938249
-0.262915
0.553016
0.341337
0.229039
-0.164701
-0.686951
-0.507000
-0.229241
-0.940358
-0.701588
-0.367555
0.844422
-0.151998
-0.235402
0.783296
-0.898000
-0.461821
0.154660
-0.460572
-0.217824
0.901624
-0.992000
0.587479
-0.694202
-0.489000
0.715726
-0.002011
0.598600
-0.449168
-0.782139
0.034000
-0.811088
0.587692
0.453000
-0.107902
0.812686
-0.569457
-0.860426
0.935653
0.993011
0.690242
-0.188075
0.910000
0.240416
-0.417374
0.508648
-0.383263
-0.002057
0.491006
-0.017097
0.457937
0.720000
-0.170118
0.261616
0.334056
-0.179753
-0.016195
-0.382998
-0.079304
-0.979456
-0.263000
-0.071575
0.878257
-0.487483
-0.116870
0.540106
-0.854996
-0.890272
0.695652
0.226000
0.453904
0.530199
0.944206
-0.584158
-0.493215
0.532001
0.806530
0.624981
-0.752000
-0.462696
0.924756
-0.331850
-0.779398
-0.550308
0.354001
0.436728
-0.830244
-0.765000
-0.577983
-0.612424
0.163600
-0.145646
0.390287
0.456004
-0.308488
-0.541066
0.062000
-0.407968
0.794035
-0.294690
0.809989
-0.221076
-0.734999
0.411842
-0.925972
0.439000
0.545305
-0.873954
0.768387
-0.846997
-0.583590
0.177001
0.511680
-0.588364
-0.867000
-0.831205
-0.405236
-0.968068
0.506483
0.470494
-0.981999
-0.849631
0.057764
0.051000
0.120860
0.545499
0.403492
0.249869
0.352467
-0.221000
0.010896
-0.510817
0.311000
-0.275298
-0.156642
0.148997
0.574150
-0.415701
0.134001
-0.758570
-0.233408
-0.966000
0.307471
0.480211
-0.296407
0.748134
-0.321790
0.939002
-0.246226
0.959041
0.012000
-0.534668
0.849164
-0.038468
0.153542
-0.146888
-0.786000
-0.368632
-0.342146
0.832000
-0.656725
-0.454834
-0.811381
0.565609
0.729446
0.939000
-0.500834
0.917151
0.919000
0.710710
0.148446
0.521269
0.600340
-0.922950
-0.164976
0.604347
0.068305
-0.042000
0.621644
0.337506
-0.591179
0.440353
0.748347
0.673020
-0.761106
0.217279
-0.227000
-0.010415
0.134656
0.763116
-0.270022
-0.427691
-0.564987
0.323993
-0.767890
0.714000
0.417181
-0.363365
-0.008803
0.713868
-0.590480
-0.749956
-0.556940
-0.381650
0.993000
0.170136
0.194153
-0.949048
0.068467
0.608779
0.896032
0.430337
0.019164
-0.235000
-0.440202
-0.696408
0.026701
0.291224
-0.544821
0.669010
0.810156
-0.481992
-0.864000
0.742598
-0.021290
0.712189
0.661131
-0.612268
0.035042
-0.222627
-0.511203
-0.561000
-0.749820
0.955657
-0.702554
-0.016637
0.100417
0.159030
-0.200367
0.583642
0.637000
0.674383
-0.002284
0.416565
-0.705477
0.274066
0.607010
-0.206809
-0.460143
0.705000
0.196291
0.104951
-0.293647
0.447889
-0.533524
0.217041
0.904283
-0.340490
0.872000
0.316928
-0.688910
-0.462287
-0.342222
-0.301245
0.263028
-0.145955
0.837050
-0.540000
-0.299376
0.236556
0.012937
-0.586085
-0.674543
0.382008
-0.071795
-0.137422
0.748000
0.612963
0.528968
-0.497550
0.793570
0.256912
-0.513969
0.346316
-0.402543
0.547000
-0.559861
-0.347749
0.590239
0.432798
-0.302358
0.865020
0.401185
0.573379
0.788000
0.109368
0.103409
0.919110
0.453271
-0.855929
0.065006
0.805365
0.333793
-0.933000
-0.425773
-0.794857
0.816443
-0.406053
-0.937267
0.101030
-0.733999
-0.681214
0.735000
0.130737
-0.498629
0.156685
0.069274
0.756225
-0.999979
-0.398343
0.500249
-0.886000
0.702058
0.997365
-0.232730
0.748185
-0.726742
0.675009
0.144340
0.261850
-0.138000
0.730252
-0.677471
0.464100
-0.660397
0.338776
-0.696972
0.316420
0.793970
0.333000
-0.145531
-0.291983
-0.500199
0.745423
0.104414
0.376023
-0.484219
0.795180
-0.209000
-0.903977
-0.931714
-0.340971
0.047094
0.634037
0.529011
0.204047
0.262110
-0.158000
0.725410
0.616782
-0.663362
-0.069971
0.473022
-0.334978
0.074132
-0.780203
-0.121000
0.514957
-0.557285
0.586145
-0.307189
-0.393255
-0.412984
-0.050702
-0.910057
-0.306000
0.661391
-0.513129
0.098662
-0.010971
-0.522896
-0.834993
-0.107871
0.287657
0.971000
-0.616607
0.973956
0.031257
-0.144137
-0.975873
0.294051
0.252886
0.029606
-0.990000
-0.008259
-0.661691
-0.492320
0.992509
0.528599
-0.676954
-0.213300
0.304702
-0.741000
0.853047
0.518057
0.344788
-0.012137
0.368654
0.072037
0.461253
0.087188
-0.934000
-0.525622
-0.235345
0.693376
-0.091957
0.393259
-0.021933
-0.873658
0.974678
-0.704000
-0.679891
-0.454226
-0.286508
-0.750146
-0.087280
-0.186939
0.017480
-0.398728
0.182000
-0.960440
-0.214371
-0.875498
-0.947882
0.483426
-0.773947
0.035707
-0.563154
0.846000
0.023970
0.115554
0.431628
-0.137200
0.440661
0.048026
-0.194998
-0.981002
0.889000
-0.324373
0.555008
-0.561984
0.384840
-0.353709
0.676019
-0.594421
0.962608
0.031000
-0.481250
-0.657389
0.715135
0.659981
0.841734
-0.141989
0.382159
0.618394
-0.369000
0.225510
0.233724
-0.012967
-0.303885
0.709524
-0.436961
1.017724
0.788611
-0.166000
0.719150
-0.578483
0.610888
0.107721
-0.439870
-0.930965
-0.597017
-0.306023
0.063000
-0.895793
-0.652261
0.365933
-0.731540
0.464331
0.347020
-0.888804
0.358561
0.354000
-0.277886
-0.371031
-0.890560
-0.922055
-0.719608
0.677018
0.344514
-0.020294
0.814000
0.487388
0.142984
0.693198
0.259852
-0.777499
-0.481985
-0.350308
0.394116
0.261000
0.577339
0.767564
0.970863
-0.800040
-0.904805
-0.074993
0.961969
-0.506726
0.882000
-0.638207
0.799008
-0.046147
-0.492135
0.122188
-0.668988
0.685796
0.382112
0.980000
0.014635
-0.604713
-0.115157
0.284573
-0.343255
0.573010
-0.947162
-0.671365
-0.399000
-0.864043
0.031684
0.522680
0.150628
0.546749
-0.419995
-0.946679
0.340719
0.566000
-0.452746
-0.602805
-0.554566
0.339389
-0.536831
-0.578993
0.761978
-0.518326
0.202000
0.289361
-0.870382
-0.258749
-0.288065
-0.470485
-0.413995
-0.827040
-0.196788
-0.237000
0.932078
-0.525340
0.552227
0.083202
0.956845
0.054002
-0.524546
-0.431791
0.628000
-0.360565
0.268160
-0.446339
0.490122
0.204383
0.735004
-0.835789
0.425765
0.721000
0.014672
-0.502414
-0.701025
-0.429983
0.430251
0.059004
0.186935
0.303949
-0.350000
-0.734722
-0.457657
0.149014
-0.294045
-0.492027
-0.496000
-0.728653
-0.975517
0.005000
0.359556
0.861360
0.773500
0.489772
-0.045778
-0.922968
1.006242
-0.462345
-0.006000
0.125228
-0.667762
-0.930831
0.274855
-0.652420
0.158028
0.789728
-0.725513
-0.572000
-0.901414
0.427900
0.814677
-0.551466
-0.377991
-0.803984
-0.388170
0.412418
0.663000
-0.051427
0.620859
0.742537
-0.605723
0.855213
-0.836940
0.545348
0.670636
-0.392000
-0.469378
-0.052119
0.625927
0.272678
0.381988
-0.655950
0.196200
0.143321
-0.685000
0.254524
-0.552794
0.578588
0.099333
-0.331784
-0.699968
-0.479044
-0.350506
0.527000
-0.251691
0.832543
-0.045391
-0.564736
0.076739
0.291061
-0.611107
0.608508
-0.906000
-0.706594
0.799519
0.870099
0.948359
0.713954
0.972052
-0.179894
0.693619
0.969000
-0.822640
-0.221698
0.062370
0.029900
0.637480
0.947033
0.450988
0.856591
-0.998000
-0.189547
-0.061991
-0.845664
0.707323
0.970704
-0.480935
0.965822
-0.897156
0.351000
-0.470739
-0.114027
0.473348
0.399412
-0.743385
0.553054
0.133441
-0.565584
0.227000
-0.011130
-0.362974
-0.629939
0.790532
-0.293039
0.858033
-0.146025
0.610398
0.244000
-0.863664
0.058355
0.393681
-0.016688
-0.504112
-0.282953
-0.303535
-0.456025
-0.749000
-0.085012
0.977155
0.028820
-0.156409
-0.511974
-0.697964
0.222245
-0.185764
0.578000
-0.595758
0.155440
0.407603
0.713573
-0.960253
0.618017
0.473884
0.976376
0.976000
0.076744
0.860231
0.843959
-0.571824
0.210894
0.576051
0.347077
0.910250
0.475000
0.278273
0.206154
-0.547694
0.473887
0.590641
-0.029958
0.308063
0.690846
0.071000
0.225164
-0.903916
0.269363
0.623380
0.542885
0.480024
0.614652
-0.946232
0.396000
-0.099369
0.124427
-0.756964
0.160158
-0.944073
-0.823947
-0.660495
-0.735743
0.118000
-0.981687
-0.684051
0.261796
-0.255748
-0.116280
0.607046
-0.700615
-0.063363
0.246000
-0.211177
0.233847
0.621422
-0.995851
0.344880
0.700026
-0.391556
-0.401509
0.930000
0.471137
-0.028582
0.916140
-0.209363
-0.981144
-0.948944
0.768413
-0.382426
-0.648000
-0.976508
0.176635
-0.006821
-0.506509
-0.645838
-0.266955
0.362021
0.188298
-0.006000
-0.399176
1.011914
0.173606
0.339038
0.837183
0.141027
0.682611
0.055561
-0.327000
0.022476
-0.199712
-0.448927
-0.946614
-0.111921
0.373063
0.428186
-0.941453
-0.468000
-0.728552
0.525732
0.943224
0.295444
-0.249590
0.416052
-0.859745
0.010897
-0.134000
-0.493388
0.513108
0.185425
0.032291
-0.816926
0.944038
0.177758
0.099379
-0.337000
-0.204975
-0.863725
0.078248
0.140896
0.053942
0.597069
-0.235246
0.106653
0.930000
0.580004
0.792009
0.915109
0.879811
-0.940143
0.642061
0.849668
0.100824
0.013000
-0.235288
0.565854
-0.889453
0.535510
0.928169
0.057049
0.119720
0.160377
0.252000
-0.854404
0.540521
-0.105746
-0.796073
0.181880
-0.456949
-0.021605
-0.450696
-0.948000
-0.717011
0.246339
-0.932109
0.831864
0.551661
-0.880954
0.223554
-0.749916
-0.518000
-0.102009
0.574951
0.326179
0.786832
0.456799
0.784024
-0.290952
0.582849
0.938000
-0.274750
0.252550
0.032046
-0.384982
-0.589716
-0.238963
-0.543878
0.469490
0.890000
0.684962
-0.259239
0.900569
-0.255082
-0.706352
-0.346965
-0.401531
0.784656
0.077000
-0.580654
0.483362
-0.448044
-0.699896
-0.855367
0.654016
-0.354771
-0.888224
-0.196000
0.890836
0.516428
-0.549250
0.860381
0.574985
-0.165958
-0.250758
0.719527
-0.585000
0.659314
-0.908409
-0.850859
0.156274
0.895219
0.177038
0.232380
-0.397533
-0.626000
-0.618614
0.096715
0.692862
0.169483
0.552587
0.096019
0.359910
-0.828563
0.352000
0.011471
0.348991
0.204852
0.697379
-0.591232
0.698032
-0.126176
0.251612
-0.030000
0.753116
0.132332
0.199229
-0.285073
0.990626
-0.657969
-0.573109
0.016848
-0.234000
0.134790
0.205961
-0.752656
0.811911
-0.483222
-0.530986
-0.847022
-0.147332
-0.032000
-0.078657
-0.708442
0.059510
-0.514438
0.886057
-0.191965
0.229637
-0.312151
0.183000
0.388900
0.516946
-0.594577
-0.933107
-0.095079
0.497033
0.378247
0.548077
-0.620000
0.314083
-0.942134
0.480844
-0.714410
0.084483
-0.750983
-0.038194
-0.364197
0.908000
-0.664961
-0.379883
-0.220388
-0.612632
-0.104509
0.214029
-0.701462
-0.452202
-0.920000
0.946954
-0.652192
0.004547
-0.328313
0.110090
-0.620972
-0.939741
-0.895770
-0.191000
0.648804
0.609615
0.873287
0.527436
0.854908
0.115012
-0.293890
-0.948457
-0.573000
0.025979
0.315061
0.360691
0.799694
0.186725
0.317032
0.750155
0.262819
-0.278000
0.592965
-0.869830
-0.304112
-0.552354
-0.463303
-0.671972
-0.271585
0.667282
-0.614000
0.398677
0.658420
0.758120
-0.589938
0.599725
0.284013
0.277240
-0.056170
0.008000
0.297136
-0.491712
0.139303
-0.875920
-0.630719
0.312053
0.138883
-0.562676
-0.910000
0.061988
0.331278
0.357771
0.131669
0.991043
-0.278956
0.153343
-0.869958
-0.143000
0.890145
-0.799832
-0.522495
0.247228
-0.881815
0.125033
-0.883322
0.897440
0.789000
1.038665
-0.259652
0.055271
0.055482
0.252150
0.676054
-0.234769
0.532520
0.755000
0.393928
-0.509616
0.509105
-0.894645
0.054646
-0.939952
0.758455
-0.238206
0.125000
-0.515558
-0.700617
0.618813
-0.674704
-0.564213
0.048037
-0.415381
-0.465356
-0.484000
-0.694362
-0.657342
-0.547923
-0.820335
-0.551245
-0.488942
0.330089
0.467578
-0.498000
0.952394
0.698071
-0.197491
0.742525
0.776080
-0.412947
-0.131489
-0.015687
0.239000
0.072311
0.512598
-0.857158
-0.204651
-0.933699
0.266041
-0.167927
0.590041
-0.208000
0.034121
-0.758714
0.327744
0.184177
-0.293613
-0.373944
0.787251
0.243785
-0.956000
-0.153903
-0.262769
0.954603
-0.129256
-0.883772
-0.055951
0.494298
0.557784
0.033000
0.335702
0.267753
-0.485691
-0.650539
0.292107
-0.388963
-0.265559
-0.257470
-0.419000
-0.646422
0.298842
-0.340686
-0.729401
-0.527354
-0.353941
0.457392
-0.417783
0.489000
-0.876689
0.454082
0.379397
0.100438
0.530385
-0.649948
0.659714
0.347730
0.005000
0.571642
-0.544550
-0.362306
-0.564075
-0.755233
0.436039
-0.307211
-0.543050
0.920000
-0.944240
-0.097384
-0.493109
-0.515167
-0.067572
0.774060
-0.456643
-0.691527
-0.438000
-0.122597
0.598739
-0.368291
0.796041
-0.380333
0.085053
0.625020
0.386767
-0.302000
-0.952419
0.657207
0.182046
-0.230347
-0.106334
-0.566959
0.030825
0.562337
-0.005000
-0.461532
0.207590
-0.071069
0.780838
0.389281
0.278061
-0.854737
0.129030
-0.957000
0.357437
-0.006148
-0.769927
-0.945011
-0.946357
0.467052
0.353356
-0.797771
-0.466000
0.436743
0.891801
-0.955715
-0.590386
0.720677
-0.691961
0.151818
0.277704
-0.434000
-0.524290
-0.571920
0.696583
0.318722
-0.538791
0.629061
-0.639260
-0.765940
-0.214000
-0.153925
-0.195342
-0.142627
0.688215
0.509843
0.781053
-0.327737
0.170414
0.937000
0.571367
-0.891835
-0.084881
-0.439746
-0.394617
-0.318960
0.027805
-0.617999
-0.877000
0.760668
-0.127503
-0.739842
0.642581
-0.246721
-0.466941
-0.655858
-0.298652
0.544000
-0.326568
-0.495562
0.194985
-0.613304
0.963922
-0.141951
-0.885709
-0.253017
0.635000
0.376834
-0.664567
-0.225686
0.314817
-0.510723
0.144036
0.704258
0.817526
-0.793000
-0.361634
-0.249663
-0.323584
-0.350675
-0.921256
0.173055
-0.150348
0.835040
0.301000
0.217044
-0.754072
0.948640
-0.557795
-0.601351
-0.069955
-0.094890
-0.625623
0.850000
0.818913
0.883271
0.154170
-0.891303
-0.443999
-0.527969
0.936889
0.440746
-0.487000
0.794050
-0.635433
0.377332
0.752402
0.961022
-0.276947
-0.357732
0.935635
-0.763000
0.284771
0.709395
-0.641496
0.336080
0.569262
-0.000954
0.443632
0.148973
-0.735000
0.486636
0.926637
0.979404
0.413346
0.115774
-0.085967
-0.792400
0.201392
0.698000
-0.862219
-0.030477
0.329129
-0.806700
-0.397988
-0.957949
-0.555280
0.820024
-0.134000
0.208266
0.135006
-0.391591
0.910294
-0.975378
0.572042
0.578303
-0.258729
0.732000
0.357989
0.439734
0.783071
0.197664
0.136545
0.849028
0.228693
-0.590184
-0.648000
-0.681718
-0.862878
-0.661088
0.145218
-0.331080
-0.242952
-0.447117
0.579296
-0.410000
-0.793578
-0.250961
0.638793
0.060553
-0.317450
0.405039
-0.414440
0.028447
-0.029000
0.735299
-0.675794
0.151901
-0.900883
0.634273
-0.804975
0.078393
0.231820
-0.511000
-0.902592
-0.099109
-0.353917
0.738829
0.511227
0.201047
0.137543
-0.281968
-0.966000
-0.223371
-0.334130
-0.153899
0.349980
-0.009045
0.087038
-0.320966
-0.547841
0.487000
0.366477
0.959501
-0.696288
0.519558
-0.644668
0.327025
0.243038
0.793391
-0.932000
0.201415
0.503873
0.261393
0.058101
0.236998
0.271044
0.123239
0.984278
-0.154000
0.841141
-0.721839
0.905404
-0.618847
0.271022
0.867035
0.314895
0.285660
0.828000
-0.775552
-0.189870
-0.648623
0.158505
-0.376265
-0.171977
-0.234087
-0.424451
0.680000
0.073756
-0.724345
0.631581
0.313972
-0.506309
0.074039
-0.791512
0.706894
0.397000
-0.492153
0.066950
-0.710438
0.934476
0.626603
-0.197971
-0.023130
-0.755042
0.051000
-0.037061
0.728059
0.815871
0.339136
0.147300
-0.126982
-0.136254
0.635464
0.885000
-0.356671
-0.275634
0.763557
-0.071608
-0.553793
-0.228974
-0.404737
-0.052690
0.275000
-0.456584
-0.829326
0.242745
-0.417518
0.937517
-0.333979
-0.803883
-0.814935
-0.173000
0.663507
-0.766359
-0.929154
0.557823
-0.154384
-0.962988
-0.874118
0.978700
-0.530000
-0.593159
0.914487
-0.670662
-0.998153
-0.420871
-0.859970
-0.176285
-0.000488
0.450000
0.627833
-0.539716
0.281038
-0.309165
0.137855
-0.027974
0.993251
0.471173
0.937000
-0.859011
0.935287
-0.383827
-0.719692
-0.818573
0.544017
-0.334366
-0.924355
0.368000
0.987214
-0.165647
-0.035358
0.385134
-0.859527
-0.433974
-0.511970
-0.135060
0.092000
-0.686486
-0.316675
-0.524488
0.883292
0.865045
-0.735979
-0.352571
0.439712
0.786000
-0.226727
0.776349
-0.947942
0.540975
0.967470
-0.700987
0.421389
-0.566466
0.195000
0.264279
0.093582
0.738924
-0.911618
0.503923
-0.339974
-0.157421
-1.005642
0.139000
-0.425880
0.899352
-0.820935
0.652235
0.644709
-0.861979
-0.531108
-0.199619
0.504000
-0.262485
-0.767780
-0.498019
0.348177
0.195961
0.676012
0.980605
0.410141
-0.567000
-0.877981
0.199130
-0.451583
0.716921
-0.349305
-0.913969
-0.240440
-0.471744
-0.789000
-0.293038
-0.101651
0.748915
-0.647903
0.088858
-0.606974
-0.856382
-0.070447
0.207000
0.616388
0.947330
-0.490549
0.059552
0.110582
0.886015
-0.454931
0.004614
-0.903000
0.700618
0.309215
0.467571
-0.591649
-0.535765
-0.826960
-0.618774
-0.851071
0.036000
-0.164848
0.505771
0.574721
0.207425
0.141406
-0.201966
0.578119
-0.055187
0.579000
-0.138303
0.216078
0.918901
0.442124
0.558622
-0.457976
0.212283
0.000355
-0.074000
0.916484
0.832312
-0.461821
-0.095901
0.438448
-0.298962
-0.549641
0.426748
0.512000
-0.649820
-0.104389
0.109073
-0.602585
0.248098
0.857033
-0.817387
0.198431
-0.707000
0.453639
-0.416603
-0.106071
0.280222
0.836191
0.711021
-0.318877
0.477725
-0.296000
-0.258264
0.626535
0.440732
-0.278236
0.552742
-0.168966
-0.215247
-0.709098
-0.323000
0.733545
0.526903
-0.122482
0.200294
0.910804
0.921027
0.894238
-0.090387
-0.434000
-0.660877
-0.099822
0.620874
-0.672534
-0.314963
0.211015
-0.120522
0.265824
0.086000
0.214790
-0.874859
0.233514
-0.015702
0.341789
0.009030
0.212729
0.673648
0.923000
-0.437004
0.973435
0.446000
0.782268
0.058149
0.482022
-0.936738
0.849115
-0.796000
0.110005
-0.523244
0.232144
0.068432
0.290744
0.096009
-0.164126
-0.644760
-0.848000
-0.631251
0.162114
0.444259
0.703263
0.475425
-0.299970
-0.072569
0.889635
0.207000
0.320110
0.590711
0.681983
-0.482677
0.711413
-0.264976
0.076882
-0.866683
-0.785000
0.425186
-0.346946
-0.168898
0.948370
-0.867750
0.702010
0.020195
0.626619
0.666000
0.553113
0.785224
0.134245
0.034941
0.150644
-0.350956
0.897012
-0.606938
0.045000
-0.109032
-0.307437
-0.351457
-0.324410
-0.485272
-0.398964
0.395340
-0.808006
-0.425000
-0.492854
0.502498
0.540789
-0.788613
-0.308513
-0.232978
0.978062
-0.201527
-0.794000
-0.704134
-0.214908
0.015641
-0.267556
-0.466032
-0.413968
-0.744497
0.305143
0.512000
0.288262
-0.925771
0.060017
0.768768
0.451049
0.176025
0.692591
0.242016
0.532000
0.253459
0.148237
0.513602
0.461739
-0.359690
0.449011
0.500852
-0.137484
0.928000
-0.927748
0.048919
0.341043
-0.556204
-0.171888
-0.133976
0.233581
0.321095
0.659000
0.470345
0.124170
0.343900
0.023763
-0.134539
0.325018
0.217855
-0.937340
-0.561000
0.730702
-0.417371
-0.209241
-0.325051
-0.243657
0.408008
-0.929632
-0.385053
0.779000
0.794161
0.511423
0.411328
-0.888497
0.814039
0.155020
-0.138402
0.537875
-0.147000
0.289973
0.028686
-0.819971
0.741414
-0.879931
0.312014
0.542284
-0.642663
-0.321000
0.860504
-0.891091
-0.745444
0.085619
-0.244006
-0.827995
0.288459
0.360355
-0.224000
0.930412
0.281417
-0.325189
0.678518
0.765812
0.417028
0.624878
0.761062
-0.417000
0.154249
0.532210
-0.481104
-0.284947
0.076039
-0.756977
0.255018
0.350258
0.226000
-0.057444
-0.810340
-0.886066
0.300681
0.427722
0.389012
0.508655
-0.587982
-0.536000
-0.425657
-0.739118
-0.510376
0.579100
0.149136
0.707039
-0.007033
0.698046
-0.627000
-0.679962
0.511747
0.082455
-0.592749
0.613942
-0.459968
0.647808
0.615991
0.493000
0.612033
0.476656
0.110474
0.879839
-0.391454
-0.742981
0.281614
-0.762511