2
192;8
-0.687000
-0.449184
-0.227414
0.688084
0.363208
-0.487838
0.646719
0.346310
0.003255
-0.661000
-0.216505
-0.935167
0.748950
0.016376
-0.643295
-0.166333
-0.037344
-0.541497
0.113000
0.387579
0.661686
-0.093478
0.802398
-0.049164
-0.240892
-0.056945
-0.643514
-0.351000
-0.463788
0.825363
0.418174
-0.447589
0.728919
0.883158
0.934605
0.396289
-0.156000
-0.499316
-0.154093
-0.198925
-0.086060
-0.047465
-0.765528
0.499504
0.798551
-0.276000
-0.639568
0.128114
-0.540054
-0.307680
-0.546080
0.038163
0.003989
0.243549
-0.070000
-1.029500
-0.537183
0.471832
0.906951
0.508425
-0.135515
-0.919127
0.525587
-0.070000
-0.474276
0.656506
0.521671
0.635839
0.986378
0.885658
0.037083
0.710939
0.901000
0.123382
0.185545
0.711214
0.595888
0.826697
0.760333
0.773665
0.738924
-0.541000
-0.558501
0.178172
0.305106
-0.841428
0.667512
0.897689
0.798475
-0.371445
-0.810000
0.424254
-0.178915
0.161061
0.224450
-0.156489
-0.348311
0.068481
-0.967247
-0.576000
0.835649
0.807607
0.080299
0.553838
-0.568291
-0.838630
0.202207
-0.867361
0.597000
-0.699854
-1.113806
-0.815440
0.718516
0.102665
-0.498230
0.376743
-0.345979
0.536000
0.824810
0.180152
-0.640823
-0.207971
-0.258721
-0.152698
-0.459103
0.837923
-0.622000
0.828711
-0.134151
-0.019889
-0.520873
0.105906
-0.668044
-1.000208
0.051530
0.940000
-0.368486
0.367682
0.129510
-0.184409
0.473735
-0.898697
0.484468
0.017758
0.689000
0.282077
0.270091
-0.736945
0.101148
0.535689
-0.774739
-0.163487
-0.734727
0.669000
-0.787101
0.657327
0.325326
0.620528
-0.163943
0.904829
0.181016
-0.273719
0.412000
0.456003
-0.081212
-0.282637
-0.228113
-0.745382
-0.606007
0.637145
-0.044375
0.998000
0.080478
0.570957
-0.780556
-0.479913
-0.447121
0.820342
-0.411320
0.919067
-0.101000
-0.837140
-0.298570
0.236486
-0.092904
0.246183
-0.616243
-0.326149
0.691685
-0.252000
-0.306790
-1.052233
-0.733923
-0.148431
0.879484
-0.460131
-0.388944
0.401170
0.951000
-0.456318
-0.853312
0.157840
0.045929
-0.807835
-0.687740
0.179071
-0.183768
-0.446000
-0.957864
0.012003
-0.001907
-0.707446
0.893894
-0.749355
-0.493934
0.689237
-0.621000
0.355552
0.717479
0.172502
-0.752528
-0.003937
0.015716
0.067849
0.222673
0.206000
0.109013
0.179130
-0.511710
0.358750
0.357058
0.794540
0.153608
0.406040
0.112000
0.423525
-0.029631
0.125454
0.335454
0.114602
-0.303201
-0.544696
-0.893256
-0.441000
-0.309336
-0.423104
-0.028675
-0.825397
-0.451307
0.260497
0.086827
-0.776070
0.153000
0.679739
-0.778757
0.534485
0.277447
0.358739
-0.878265
-0.588033
-0.251784
0.130000
-0.543423
0.406465
-0.800125
0.462489
-0.775288
0.972926
-0.683428
0.242475
0.469000
0.536150
-0.018395
-0.539981
-0.638328
-0.074661
0.931864
0.416458
0.685600
0.265000
0.576491
0.664034
0.776769
-0.942608
-0.534314
0.418918
0.858907
-0.669779
-0.277000
-1.047576
-0.498036
0.315943
0.406535
0.142069
-0.520905
-0.007356
0.354665
-0.462000
0.634486
0.063477
0.782535
-0.245926
-0.342398
-0.739853
-0.408702
-0.738896
-0.778000
0.555889
-0.722198
-0.305804
0.209335
0.093025
-0.855377
-0.457323
-0.280379
-0.675000
0.487649
-0.035042
-0.657904
-0.326007
-0.259167
-0.680004
0.927886
0.619006
-0.487000
-0.322871
0.051983
-0.984442
0.173603
-0.113307
-0.761781
-0.388992
-0.035449
-0.035000
-0.967492
0.571668
0.865857
0.032905
0.039434
-0.372673
-0.574660
-0.458075
-0.500000
0.746252
-0.379765
0.046646
0.843686
-0.517566
-0.113229
-0.374745
-0.221565
-0.605000
0.395898
0.221157
0.091332
0.154832
0.363303
-0.497024
-0.033843
0.107971
-0.851000
-0.141724
0.047215
0.126443
0.649482
0.034571
0.190082
0.261789
0.149996
0.640000
-0.594127
-0.277240
0.342475
-0.497640
-0.521939
0.458317
-0.011460
-0.583402
-0.862000
-0.363915
-0.813924
0.520109
-0.820942
0.011984
0.611288
0.502252
-0.752544
-0.089000
-0.500074
0.449268
-0.276758
-0.598863
-0.239517
-0.097887
-0.632305
-0.854121
-0.050000
0.568318
0.154348
0.499912
-0.022373
0.280972
-0.696891
0.310548
0.417123
0.727000
0.015243
0.865726
0.095332
0.773150
0.142510
-0.490975
-0.742040
0.016437
-0.283000
0.453116
-0.442061
0.508902
-0.200310
-0.128330
0.766703
-0.551327
-0.256538
-0.842000
-0.745238
0.153265
0.824386
-0.980825
0.737516
-0.907048
1.073269
-0.600030
0.780000
0.107338
-0.097591
-0.956984
0.756848
-1.032761
0.576969
-0.530004
-0.862003
-0.843000
-0.504754
-0.479276
0.742223
-0.503363
-0.567895
-0.275420
0.940293
0.892588
-0.581000
-0.974858
0.091396
-0.394894
0.751862
0.609009
-0.313173
-0.131378
0.438780
-0.470000
0.941521
0.152722
-0.582589
-0.575773
-0.618313
-0.899345
-0.284883
-0.874675
-0.646000
0.799624
-0.267984
-0.441658
-0.508238
0.014238
0.314228
-0.749093
-0.830025
0.085000
0.669234
0.898818
0.367540
0.126674
0.714603
-0.674191
-0.127230
0.161728
-0.061000
0.554621
0.256432
-0.215394
0.344741
0.261464
0.356117
1.078909
-0.572450
0.027000
0.307073
0.449263
-0.382228
0.727280
0.016564
-0.670811
-0.397029
-0.837464
0.902000
-0.613553
0.793561
-0.179203
-0.702310
-0.634054
-0.681130
-0.603362
0.229137
-0.935000
0.917347
0.594313
0.271094
0.269837
-0.106595
0.663551
0.307022
0.397665
-0.326000
-0.684084
0.696337
0.739031
-0.043602
0.464916
-0.162758
0.476350
0.585741
0.747000
0.159800
0.551523
0.696942
0.176962
0.203252
-0.549134
0.090664
0.457421
0.691000
0.333392
-0.195584
0.808211
0.704137
-0.200657
0.168660
-0.348215
0.608078
0.218000
-0.325833
-0.634646
0.744915
-0.580353
0.388196
-0.924468
0.121049
0.445465
-0.788000
0.201986
-0.705733
-0.510779
-0.546556
0.812513
0.132481
-0.455544
0.195582
0.246000
0.007391
-0.986184
-0.744651
0.088983
-0.527499
0.992316
-0.885402
0.558071
0.638000
-0.404464
0.233397
0.633329
0.051599
-0.041136
-0.707254
-0.801917
0.661664
0.847000
0.620082
0.728741
-0.612689
-0.629580
0.964274
0.164807
-0.485733
0.103003
0.639000
0.464467
0.214959
0.379572
-0.621398
-0.350902
-0.883816
0.799254
0.680198
0.814000
-0.549678
0.813901
-0.743226
-0.874551
-0.824704
-0.243573
0.632206
0.391905
0.483000
0.527491
-0.925157
-0.505236
0.427983
-0.276614
0.491537
0.810001
0.761832
0.235000
0.820936
0.219715
-0.005351
0.537009
0.301302
-0.357980
0.631043
-1.023790
0.953000
0.930413
-0.025402
-0.235423
-0.713393
0.076234
-0.328800
-0.494695
0.861728
0.572000
-0.110668
0.116117
-0.252940
0.814175
0.624995
-0.526853
-0.529485
-0.086096
-0.601000
-0.371110
-0.956392
0.714802
0.034157
-0.407903
-0.377886
-0.585420
-0.395105
0.930000
0.114526
0.380343
-0.772424
0.658710
0.218243
-0.012597
0.922478
0.523264
0.285000
0.822760
0.465565
-0.070465
-0.238898
0.190217
0.049266
-0.573865
0.717871
0.282000
0.373709
-0.482834
-0.660431
0.440550
-0.722564
0.144640
-0.583318
0.213678
-0.902000
0.912356
-0.304488
-0.030728
0.149324
-0.730395
0.116477
-0.710847
-0.188810
0.356000
0.923489
-0.325870
0.080683
-0.800694
0.583769
0.815688
0.036937
0.456881
-0.200000
-0.998109
-0.749813
0.467639
-0.138300
0.126030
-0.293448
-0.209120
-0.856163
0.157000
0.347911
0.076125
-0.832009
0.500322
0.227851
-0.332590
-0.677860
-0.066384
0.847000
0.512318
-0.781746
0.561322
1.019116
0.940165
-0.081785
-0.459708
0.259398
-0.051000
-0.430494
-0.717379
0.344492
0.307901
-0.214436
0.914144
-0.790082
-0.869778
0.857000
-0.939974
-0.235786
-0.100404
-0.938971
-0.829369
-0.722176
0.696310
-0.276682
-0.713000
0.185116
0.040100
-0.788400
-0.251626
0.520882
-0.762931
0.533726
0.042245
0.139000
-0.105735
-0.055547
0.241598
0.277979
-0.873502
-0.468043
-1.055603
0.515001
-0.312000
-0.766691
-0.948989
-0.747517
-0.516398
0.168673
-0.981600
0.335722
0.268261
-0.300000
-0.654289
-0.477375
-0.657345
-0.186672
0.149017
0.332140
0.145581
-0.058737
0.359000
-0.357084
0.431753
0.493373
-0.737762
-0.229070
-0.689857
0.640760
-0.695131
-0.540000
0.518514
-0.174693
-0.103362
0.824302
-0.361453
0.960310
0.094371
0.566311
-0.916000
-0.710031
-0.041657
0.265638
0.686668
-0.106536
0.713485
-0.858263
0.728628
-0.421000
-0.786056
0.748990
0.584991
1.025738
0.128151
-0.352879
0.223936
-0.143497
-0.228000
-0.648342
-0.657416
-0.359519
0.219386
-0.392275
-0.757685
0.300171
-0.426225
-0.748000
0.449471
-0.508727
-0.001093
0.796024
-0.330245
-0.438391
-0.593756
0.559336
0.748000
-0.015323
-0.132219
0.782255
-0.757715
0.364710
0.316703
0.259338
0.254654
0.982000
-0.109970
-0.206313
0.591058
0.752046
0.230575
-0.662504
0.581552
-0.549615
-0.995000
-0.889248
0.945108
-0.996828
-1.089008
-0.091995
0.531402
0.955832
-0.658359
-0.887000
0.317854
-0.287015
0.435925
0.906176
0.485998
0.577045
-0.384161
0.516776
-0.691000
0.656094
-0.611032
-0.513163
-0.263778
0.446375
-0.529830
0.574970
-0.058862
0.963000
0.481087
0.739783
-0.056086
-0.234571
0.259054
0.914372
0.019380
0.611560
-0.391000
-0.645260
-0.737963
0.873133
-0.131050
0.451509
0.980969
-0.547012
0.754349
-0.528000
-0.667722
-0.847264
0.691942
-0.362977
-0.307742
-0.630400
0.132623
0.233495
0.279000
-0.298990
-0.264203
0.393250
0.678610
-0.912715
-0.166520
-0.657264
-0.466249
-0.860000
0.293222
-0.106499
-0.847670
-0.601454
-1.043322
0.028927
0.310865
0.494911
0.383000
-0.977690
0.759134
0.385165
-0.669734
0.520653
-0.468781
-0.007294
-0.400848
0.514000
0.763080
-0.751130
0.591370
-0.468259
0.955280
0.787294
0.243003
0.447147
-0.916000
-0.530382
0.667808
-0.615276
-0.455583
0.392830
0.640877
0.880822
-0.519036
-0.905000
0.749520
-0.520692
0.604523
0.192133
0.277829
-0.108059
0.719259
-0.051221
-0.418000
-0.663937
0.572247
0.033573
0.367172
-0.905120
0.089055
0.470526
-0.782290
0.167000
-0.173195
0.248117
-0.745742
0.873948
0.367125
-0.742729
-0.454829
0.402206
-0.122000
0.733019
-0.378984
0.247747
-0.564034
0.177099
-0.959342
0.696298
-0.531239
-0.927000
-0.380875
0.913622
0.049543
0.597486
-0.324987
-0.020502
0.266814
-0.531027
-0.926000
-0.841834
-0.075718
0.371751
-0.787107
0.774405
-0.600100
0.067152
-0.826416
0.015000
0.363645
0.327152
-1.081009
-0.313484
0.388376
-0.288756
-0.412288
0.859808
-0.042000
0.540198
0.509029
0.845856
-0.106997
-0.254028
0.081125
-0.937894
0.227076
0.233000
-0.516045
0.602998
0.065115
0.357633
-0.724107
-0.598887
-0.039315
-0.196099
-0.720000
-0.182175
0.480100
0.448264
0.767485
0.038561
-0.070259
0.222127
-0.703284
0.414000
-0.005975
-0.680052
0.677721
0.742396
-0.685851
-0.086500
0.458264
0.584939
-0.717000
0.661225
0.744557
-0.653236
-0.548273
-0.041666
-0.473929
0.846637
-0.274883
-0.773000
0.001161
0.187209
0.484560
0.128913
0.733456
-0.040428
0.642069
0.157769
0.798000
0.627096
0.702045
-0.977372
0.764208
-0.575212
-0.555535
-0.841169
-0.606138
0.301000
-0.677918
0.436259
-0.995394
-0.109753
-0.128569
-0.747579
0.531492
0.240523
0.974000
0.210502
-0.673993
-0.305565
-0.783871
-0.455084
-0.795048
0.789465
-0.635244
-0.303000
-0.913101
-0.725605
0.661393
-0.223579
-1.042210
0.730690
0.192421
-0.561612
0.527000
0.434352
-0.628826
0.672071
1.066022
0.547626
-0.989354
-0.268392
0.221428
-0.616000
0.097352
0.177445
-0.658730
-0.249156
0.235089
0.247835
0.448370
0.318921
0.179000
-0.225142
0.854804
-0.706262
-0.348192
-0.299476
-0.175680
-0.627860
-0.168319
-0.503000
0.453721
0.843529
0.665352
0.164687
0.698148
0.901360
0.777149
0.441483
0.192000
-0.046013
0.701662
-0.796663
-0.404299
-0.165739
0.289847
-0.441341
-0.266387
-0.901000
-0.169963
0.901128
0.127938
0.090944
-0.848239
-0.869911
1.074967
-0.725170
0.190000
-0.608281
-0.744554
-0.583231
-0.509854
-0.119821
0.861626
-0.722495
0.350448
0.191000
0.199311
0.698604
-0.789385
-0.395069
-0.838855
0.516267
-0.756537
0.105428
0.783000
-0.095084
-0.206652
-0.283170
0.376173
0.973110
0.207489
0.183549
-0.583148
0.418000
-0.937369
0.702185
-0.170931
-0.606929
-0.257889
0.074821
-0.710779
0.497875
0.427000
-0.655044
0.822872
-0.617863
-0.638908
0.480683
-0.194670
-0.244626
0.258380
-0.069000
-0.340354
-0.598778
-0.766599
0.890737
0.818053
0.857248
0.608965
-0.590189
0.580000
0.796801
-0.358464
-0.020245
0.260852
-0.999278
0.552491
0.904312
-0.764108
-0.199000
-0.516195
-0.411288
0.539225
0.671277
0.213333
0.023863
0.127035
0.065307
-0.538000
0.296218
0.525015
-0.044706
0.208950
-0.614785
-0.673173
-0.200148
-0.007577
-0.449000
-0.779004
0.484669
-0.827234
0.754811
0.866006
-0.268291
0.166862
-0.639071
0.184000
0.632938
-0.244067
-0.077203
-0.803494
0.486513
0.761893
0.489309
0.081451
-0.613000
0.605940
-0.927682
0.438918
0.536863
0.641139
-0.476126
-0.863644
0.292442
0.540000
-0.544474
-0.289083
0.622796
-0.779491
0.203688
0.175046
0.157505
0.288557
-0.549000
0.876300
0.320634
0.729784
-0.070070
0.486916
-0.332217
-0.838628
0.061522
0.501000
0.752691
-0.762122
-0.388910
-0.099070
-0.557572
0.794803
-0.442304
0.787746
-0.106000
0.143028
0.827874
0.881592
-0.367379
-0.287077
-0.412889
1.079466
0.336860
-0.601000
-0.723252
0.753175
0.026226
-0.308463
0.764447
0.460991
-0.443082
0.914653
-0.179000
0.288073
-0.818521
-0.630259
0.151772
0.362080
-0.973486
0.933174
-0.941639
-0.753000
-0.496618
0.132061
0.360011
0.265659
0.538360
0.122309
0.069243
0.479293
0.945000
0.856300
0.930370
0.066945
0.338463
-0.565849
-0.936174
0.805265
-0.556204
-0.058000
-0.759390
0.130482
-0.279746
-0.120699
0.892169
-0.203810
-0.917063
-0.124537
0.519000
0.901066
-0.588831
-0.442054
0.555941
0.442549
-0.051846
-0.622581
-0.237156
-0.413000
-0.979525
-0.434553
0.320464
-0.457454
-0.232099
-0.662560
-0.842451
-0.525364
-0.252000
0.851833
-0.142624
0.946111
0.681897
0.486983
0.058535
0.996837
-0.731094
0.643000
-0.293168
0.180963
0.095551
-0.862677
-0.791226
0.111635
-0.859504
0.042779
0.128000
0.839158
0.252900
0.645086
0.913610
-0.592606
-0.930648
0.657598
0.449768
-0.546000
-0.881541
-0.395210
0.315430
-0.738292
0.609902
0.835151
-0.881764
0.940928
-0.302000
0.254364
-0.772130
0.936897
0.729712
0.480769
0.868490
0.371534
0.116343
-0.778000
0.512649
0.054697
0.192591
0.093114
-0.655813
0.029366
0.962748
0.271555
0.131000
0.264484
-0.864783
0.243904
-0.936666
-0.020184
0.359261
-0.507787
0.678327
0.183000
0.540591
0.338607
-0.586774
0.723134
0.109619
0.965422
-0.642109
-0.405105
0.785000
0.585505
-0.017928
0.677810
0.064395
0.377005
0.614278
-0.444975
-0.731019
0.976000
0.581273
0.890869
-0.660156
0.252536
0.811977
-0.849755
0.875163
-0.362954
0.510000
0.488048
-0.474622
0.084450
0.107316
-0.551278
-0.717073
-0.203751
0.262641
-0.627000
0.081534
0.154101
-0.855748
0.489238
0.118163
0.689910
0.256123
0.807124
-0.730000
0.539873
-0.733205
-0.485408
-0.070170
-0.666345
-0.234858
-0.807693
0.711250
0.512000
-0.118426
-0.539940
0.048572
-0.656613
0.481614
-0.277969
0.056845
0.228604
-0.218000
0.458222
0.097432
0.580587
-0.623282
-0.433236
0.187931
-0.681511
-0.148999
0.243000
-0.958158
0.365466
0.140954
0.525549
-0.258178
-0.458157
-0.136831
0.472085
-0.673000
0.543923
-0.854826
-0.606559
0.609414
-0.631880
-0.785981
0.633847
0.021147
-0.608000
0.670082
0.877802
0.775347
0.188173
-0.622690
-0.734085
-0.077227
0.112738
-0.568000
0.923718
0.788560
-0.079932
0.017732
0.381352
-0.965341
0.624708
0.206064
0.197000
0.074949
-0.735546
0.563934
-0.603756
0.522999
0.696855
0.180633
-0.529618
-0.611000
-0.827327
-0.437444
-0.582005
-0.813222
-0.639971
-0.694969
0.136959
0.710987
-0.581000
0.180516
0.313692
1.009796
0.008723
0.206557
0.643646
-0.564687
-0.723036
0.332000
-0.713498
-0.494440
-0.038418
-0.821203
-0.346006
0.682799
0.673530
0.215442
-0.371000
-0.923674
-0.344235
-0.932524
0.037143
0.104420
0.753978
-0.489307
-0.690813
0.510000
0.528102
0.552034
0.925909
0.440142
-0.372516
0.757193
-0.591276
-0.881931
0.928000
0.905404
0.019012
0.201910
0.284021
-0.002524
0.898328
-0.266630
-0.039039
-0.370000
-0.049806
0.149576
-0.339372
-0.347544
0.198802
-0.565526
-0.135084
-0.778011
-0.119000
0.208036
0.181003
-0.235176
-0.311438
0.212263
-0.340492
-0.869429
-0.629098
0.712000
0.082744
-0.758194
-0.480832
0.127345
-0.080016
0.062748
0.341183
0.858038
-0.323000
0.318030
-0.890856
-0.542907
-1.020574
-0.382189
-0.937027
0.521654
0.193943
0.594000
0.023865
0.978635
-0.499192
0.545819
1.004303
-0.420411
0.260695
0.821245
-0.919000
0.781652
-0.205849
-0.111644
-0.306702
-0.226799
-0.926161
-0.299366
0.082152
-0.080000
0.707986
-0.453319
-0.360445
0.865284
0.250709
-0.419950
-0.180334
-0.149392
-0.623000
0.109514
0.593831
-0.118193
-0.409473
0.097487
0.236882
0.893277
0.575006
-0.684000
-0.237900
0.720081
0.106915
-0.130047
-0.368569
0.877005
-0.952173
0.824133
-0.264000
0.604737
-1.008552
0.969398
-0.064968
-0.173260
0.003140
-0.112788
0.501337
0.686000
0.750601
-0.226141
-0.594340
0.828249
-0.481373
-0.296642
-0.219612
-0.370493
-0.236000
-0.738533
0.206279
0.463029
0.672581
-0.301028
-0.031435
0.794236
-0.219838
0.581000
-0.847263
0.624229
0.086907
0.834953
0.059130
0.075663
-0.726090
-0.126403
-0.568000
-0.148529
0.807674
-0.140734
-0.216555
0.373750
-0.222048
0.904706
-0.203577
-0.334000
0.792037
0.331058
-0.558358
-0.962651
-0.421823
-0.157603
0.444725
0.242081