2
192;8
0.658000
0.005152
0.148392
0.014947
0.121606
0.164492
0.237618
0.082569
0.191462
0.878000
0.294305
0.137411
-0.144899
-0.135697
0.433129
0.126598
-0.109364
-0.192149
-0.381000
-0.184271
-0.467453
0.145783
0.426493
-0.993748
-0.005622
0.155824
0.397702
0.019000
-0.046482
0.056517
-0.000000
-0.206987
0.623944
-0.095945
-0.055858
-0.162880
-0.145000
-0.304958
-0.066249
0.361162
-0.145967
0.270575
-0.313143
0.202688
-0.146107
-0.224000
0.067737
0.149392
-0.569661
0.096131
-0.147131
0.730550
-0.115853
-0.034114
0.255000
0.269499
0.047511
0.219128
0.102746
-0.411450
-0.253265
-0.096636
0.117994
-0.672000
0.214606
0.188090
-0.003933
0.010658
-0.611557
-0.220485
-0.395480
0.092398
-0.232000
-0.125222
-0.004940
0.100923
-0.103109
0.974822
-0.096562
0.357507
0.060774
-0.321000
-0.097154
-0.047899
-0.138298
0.073073
-0.201902
0.012556
0.022731
-0.046226
0.795000
-0.068381
0.030416
0.047952
0.440389
-0.005858
0.339662
-0.101640
-0.256600
-0.350000
-0.573831
0.069157
-0.437056
-0.627096
0.184826
-0.010687
0.590364
0.187373
0.829000
0.619962
-0.293945
0.495714
0.222162
0.081492
-0.516909
-0.534079
0.116453
0.662000
0.094812
0.058613
0.019360
-0.496125
0.260969
0.000211
-0.182343
-0.151943
0.725000
-0.307336
0.037443
0.102747
0.801986
-0.413562
-0.091878
0.203372
0.123212
0.998000
0.324322
-0.010658
-0.162862
-0.260386
-0.116616
0.240217
0.060471
-0.050660
0.957000
-0.286559
0.133468
0.095554
-0.425073
-0.073987
0.231955
0.355511
0.442059
0.454000
0.294086
-0.629157
-0.134284
0.611458
-0.247136
0.127806
-0.314978
-0.404565
-0.746000
-0.113557
0.411797
0.088728
-0.366734
0.506275
-0.263695
-0.193423
0.023323
0.366000
0.375955
-0.146669
0.203914
0.364243
0.317862
-0.154237
-0.396695
-0.157773
0.002000
-0.585084
0.363285
0.085906
-0.350503
-0.017566
-0.161760
0.508066
-0.696707
0.745000
0.308118
-0.105215
-0.268150
-0.091332
-0.306998
0.238123
-0.066436
0.798164
-0.847000
-0.108811
0.045840
-0.303465
-0.021978
-0.101968
0.253166
0.238288
0.088203
-0.316000
0.377766
-0.005875
0.276778
-0.190137
-0.083611
-0.438480
-0.535399
0.484158
0.072000
-0.426521
-0.011169
0.139189
0.243065
0.010400
0.283453
0.197439
-0.460252
-0.086000
-0.229428
-0.317298
0.098397
-0.006624
0.290527
-0.086119
0.115629
-0.132657
0.497000
0.279078
0.145258
0.032797
0.103653
-0.117431
-0.073743
-0.433057
0.170319
-0.489000
-0.130793
0.175331
-0.038815
-0.030918
-0.143603
0.067726
0.337448
-0.149183
0.538000
0.232392
-0.322480
-0.249630
-0.060031
-0.461681
0.177103
0.051300
0.481475
0.851000
-0.472025
0.442817
0.289483
-0.061619
0.492245
0.076113
0.129496
-0.443810
0.043000
0.327641
-0.113179
-0.177338
-0.059984
-0.068021
-0.232683
-0.229027
0.253832
-0.467000
-0.130723
-0.074588
0.202966
0.364985
0.161962
0.005754
0.064113
-0.200652
0.606000
0.576740
0.316367
-0.284010
-0.510616
-0.185659
-0.229667
-0.437160
0.253956
-0.830000
-0.568044
-0.226779
0.091847
0.168954
0.096170
0.273428
0.455184
-0.167554
-0.888000
0.145412
-0.218451
0.020081
-0.094050
-0.098017
-0.030299
0.167899
0.312831
-0.360000
0.134338
-0.118132
0.152056
-0.122356
0.039999
0.043445
-0.323063
-0.464170
0.483000
-0.198203
0.281838
-0.210327
0.263703
-0.058275
0.101535
0.002350
0.186626
-0.226000
-0.170007
0.141166
-0.204524
0.214207
0.291433
0.427538
-0.065504
-0.160636
-0.642000
0.287486
-0.315979
0.029675
-0.010920
-0.136718
-1.132524
0.410087
0.404857
-0.813000
-0.307647
0.088174
0.138558
-0.126043
0.159502
0.605734
-0.344312
-0.174576
-0.215000
0.349097
0.047080
-0.147330
-0.548124
-0.168924
-0.315903
-0.155205
-0.392900
0.781000
-0.218400
0.106859
0.324996
0.537636
0.283556
0.408014
0.002869
0.573287
-0.653000
-0.222748
0.099385
-0.180149
-0.046664
-0.252378
-0.010071
0.146753
-0.254330
0.430000
-0.118758
-0.125784
0.141908
0.278031
0.047579
-0.082122
-0.093664
0.185994
0.214000
-0.103588
0.193106
-0.352149
-0.231603
-0.367799
0.219596
0.278909
0.361911
0.518000
0.237953
-0.236003
0.236003
-0.026446
0.307879
-0.065890
-0.161774
-0.424287
0.833000
-0.104118
-0.169676
0.058678
-0.109155
-0.270056
-0.010522
0.008826
0.047237
-0.745000
-0.036561
0.295761
-0.126688
0.213728
0.770077
0.207466
-0.026478
-0.438351
-0.113000
0.185206
0.052059
-0.050166
-0.108629
-0.403250
-0.312903
0.037239
0.324631
0.651000
0.128382
0.262918
-0.086557
-0.155042
-0.186960
0.045732
0.007716
0.241000
-0.121000
-0.150441
0.057555
-0.054539
0.075889
-0.163775
0.218180
-0.024856
-0.297759
-0.802000
0.017621
-0.292355
0.115811
0.000236
0.284053
-0.025130
0.032401
-0.013447
0.868000
0.131206
-0.030234
0.236642
-0.039146
-0.002934
-0.152423
0.233231
-0.401061
-0.905000
-0.262966
-0.192854
-0.069765
0.368492
-0.035102
-0.106717
-0.294991
0.459063
-0.274000
0.280723
0.048013
-0.022323
-0.182056
-0.111409
0.169601
0.052257
-0.103838
-0.130000
-0.142624
0.480851
-0.197194
0.232467
-0.232028
-0.061871
-0.215854
0.124132
0.272000
0.470038
-1.156594
0.087356
-0.457530
0.653429
0.118129
0.196495
0.071272
0.279000
-0.440496
0.872022
0.047731
0.263995
-0.264452
-0.165800
-0.138087
-0.164436
0.305000
0.000932
-0.257827
0.293378
0.474143
-0.229187
-0.209437
0.276532
-0.214964
-0.735000
0.439284
0.341738
-0.402405
-0.701154
0.129340
0.485096
-0.306782
0.050100
-0.767000
-0.355504
-0.273928
0.182647
0.207023
0.024316
-0.408711
0.230376
0.314878
-0.796000
0.506644
-0.132662
-0.000321
-0.319896
-0.058835
0.155215
-0.127662
-0.021716
-0.205000
-0.476326
0.336896
-0.122288
0.224262
-0.079611
-0.215869
-0.272199
0.402534
-0.399000
-0.046797
-0.271291
0.066324
0.070150
0.337644
-0.012966
0.264228
-0.257926
-0.612000
-0.054777
0.061977
0.217978
0.053460
-0.164642
-0.038062
0.304418
0.193458
0.082000
0.052575
-0.307531
-0.163775
0.431765
-0.170405
0.347822
-0.249514
-0.458899
0.864000
-0.182226
0.235428
-0.018702
-0.446385
0.226168
-0.294769
0.164862
0.344474
0.402000
0.191310
-0.125917
-0.356739
-0.014909
0.005639
0.161970
-0.264202
-0.019898
0.617000
-0.341271
0.652518
0.239624
-0.196396
0.110473
-0.423492
0.085994
-0.018281
-0.517000
0.150636
-0.377746
0.086932
0.207665
-0.122995
0.157732
0.025988
0.075787
-0.245000
-0.335291
0.184157
0.120328
0.022044
0.164480
-0.167587
0.333097
-0.005062
-0.550000
0.374803
-0.400437
-0.069371
-0.141803
-0.363306
0.341371
-0.320805
0.092285
0.244000
0.132844
0.112268
0.063984
0.067455
0.098753
-0.233326
0.081938
-0.202952
-0.919000
-0.198099
-0.249812
-0.020074
-0.440211
0.378165
0.169394
0.113221
-0.240124
0.363000
0.139602
0.075256
-0.044827
0.665896
0.124264
-0.199401
-0.331140
0.160725
0.623000
0.080056
0.323973
0.057907
-0.372141
-0.165521
-0.064673
0.193318
-0.159025
-0.335000
-0.144771
0.252919
0.047494
-0.108051
-0.090377
0.049517
-0.256246
0.408258
-0.889000
0.103098
-0.378313
-0.185900
0.236116
0.173421
-0.192130
0.590567
-0.407632
-0.812000
0.058104
0.050372
0.050051
-0.143652
-0.165680
0.170455
-0.203014
0.096029
0.939000
-0.069660
-0.275243
0.401774
-0.064166
-0.068163
0.003903
-0.142883
-0.171828
0.348000
0.322548
0.646258
-0.413061
-0.198862
0.191319
0.039266
0.266975
-0.033734
0.924000
-0.046384
-0.403430
0.020048
0.144091
-0.259678
0.012069
0.055621
0.084061
0.335000
-0.015589
-0.097452
0.151375
0.771627
0.017498
-0.048017
-0.222408
-0.043629
-0.913000
-0.096863
-0.030875
-0.529146
-1.435467
0.013504
0.328980
-0.059332
0.737296
-0.571000
-0.208829
0.024790
0.522371
0.542070
-0.069772
-0.058814
0.295851
-0.500391
0.246000
-0.059406
0.025338
0.191619
-0.388803
0.084605
-0.036520
-0.189338
-0.235854
0.683000
-0.010937
-0.303096
-0.395157
0.740917
0.048679
-0.287573
0.761663
0.550901
0.303000
-0.174838
0.298976
0.194068
-0.150734
-0.221338
0.348791
-0.441601
-0.358132
-0.634000
0.009544
-0.282414
-0.175820
0.521141
0.104123
0.157223
-0.051838
0.059599
0.997000
0.452520
0.330969
-0.016941
-0.903994
0.074635
-0.161812
-0.541257
-0.110865
-0.601000
-0.251284
-0.282862
0.113139
0.506213
-0.248061
0.056782
0.476127
0.102025
-0.182000
0.042628
0.292826
0.427769
0.573776
-0.204141
-0.306241
0.057441
-0.260024
0.365000
-0.122503
-0.627004
-0.381489
-0.889971
0.106772
0.446558
0.119588
0.593693
0.321000
0.245436
0.281871
-0.098289
0.268513
0.116005
-0.122756
-0.136150
-0.340902
-0.569000
-0.147260
0.050240
-0.146341
-0.257789
0.151272
0.000454
-0.265990
0.197009
-0.981000
0.041283
0.434241
0.247456
0.465517
0.049679
0.094242
-0.011321
-0.599738
0.004000
0.056424
-0.257688
-0.132159
-0.180691
-0.058164
-0.056777
0.164463
0.180928
-0.111000
0.344889
-0.024936
0.050646
-0.353937
0.193909
0.266172
0.161946
0.141598
-0.888000
-0.820745
-0.200469
0.223980
0.956798
-0.661025
-0.459018
-0.028907
0.020700
-0.457000
0.616922
0.178342
-0.364440
-0.580806
0.269719
0.204242
-0.018585
-0.130328
-0.415000
-0.198320
0.166086
-0.367255
-0.195365
0.163753
-0.075359
-0.150078
0.128721
-0.080000
0.291852
-0.096757
0.429333
0.243618
-0.244385
0.017274
0.009022
-0.160893
-0.934000
-0.179339
-0.000230
-0.181519
0.017517
0.229793
0.133075
0.022829
-0.026727
0.933000
0.211608
0.096924
-0.141003
0.164066
0.245868
-0.137220
-0.135862
0.175340
-0.154000
-0.074609
-0.131798
0.190904
-0.218504
-0.338797
0.171521
-0.234116
-0.251693
0.693000
-0.199443
0.038641
-0.005639
0.122339
0.031794
-0.272150
0.391209
0.274514
0.767000
0.126192
0.032732
0.015036
0.193719
-0.061868
0.089423
-0.405401
-0.116796
0.101000
-0.018270
0.056333
-0.036471
-0.424957
0.211290
-0.350246
0.815113
0.134452
-0.440000
-0.055328
-0.008781
-0.082174
0.291003
-0.143355
0.274126
-0.340811
-0.177862
-0.238000
0.011799
0.076047
-0.420963
0.190294
-0.050974
0.029026
0.109301
-0.093673
0.691000
-0.115881
0.343079
0.513305
-0.355130
-0.029674
0.708423
-0.401854
-0.431855
0.715000
0.048223
-0.395659
-0.083130
0.154619
0.157401
-0.720524
0.400494
0.371347
0.930000
-0.024972
-0.101958
0.059933
0.583067
-0.177203
0.061852
-0.271861
0.040450
0.906000
0.209407
0.072829
0.154260
-0.859046
0.202322
-0.079534
0.153166
0.268248
-0.582000
-0.109836
0.031089
-0.211197
0.061565
-0.092685
0.237216
0.294696
-0.464960
-0.029000
-0.153693
-0.309795
0.003384
-0.020746
-0.043872
-0.037370
-0.163006
-0.015688
-0.210000
0.166699
0.358224
0.077751
-0.226514
0.636784
0.020053
0.320646
-0.251791
0.758000
-0.088456
-0.176535
-0.091009
0.325503
-0.517320
-0.065813
-0.051896
0.287629
-0.109000
-0.119284
0.199694
-0.164423
0.133776
-0.062981
0.024869
0.493017
0.192911
0.686000
-0.089393
-0.264145
0.110740
-0.055109
-0.097461
-0.312826
-0.525338
-0.224471
0.026000
0.222060
0.078739
0.089599
-0.064323
0.159438
0.138612
0.064131
0.012377
-0.587000
-0.510627
0.156337
-0.568534
-0.523660
0.381054
0.229705
-0.027148
0.214944
0.890000
0.549024
-0.287224
0.560789
0.316944
-0.305806
-0.198522
0.167111
-0.388965
0.869000
0.007079
0.187286
0.053255
0.176602
0.028947
-0.038123
-0.282889
0.108017
0.707000
0.305852
0.253370
-0.110412
-0.165233
-0.126724
0.023100
-0.085933
-0.310080
-0.815000
-0.242349
-0.059736
0.579178
0.407420
-0.186688
0.005541
-0.004251
0.253608
0.475000
0.061195
-0.123886
-0.364491
-0.146190
0.075151
-0.289408
0.051584
0.234377
0.966000
-0.021445
-0.113481
-0.209546
0.111243
-0.013469
0.015791
-0.159682
0.008680
0.637000
0.254632
0.151981
0.300993
-0.391363
0.256325
-0.207759
0.390362
0.295174
-0.417000
-0.272705
-0.094637
-0.156552
0.227078
-0.001660
0.245605
-0.170846
-0.434443
0.716000
0.084237
-0.009089
-0.061555
0.284478
0.187518
-0.025880
-0.059190
0.168111
-0.792000
-0.022524
-0.022648
0.351369
-0.360165
-0.091575
-0.291658
-0.057120
-0.710313
0.523000
-0.046574
0.019523
-0.261555
0.063505
-0.049678
0.244051
0.101179
0.560723
0.185000
-0.098438
-0.026858
0.152679
0.084433
-0.069701
0.002690
0.179381
-0.293779
-0.846000
0.264555
-0.135627
0.206443
0.045508
-0.266412
-0.091630
-0.061378
0.487833
0.975000
0.124799
0.182861
-0.367619
-0.162213
0.100859
0.245293
-0.227528
-0.220715
-0.273000
0.261244
0.060982
0.053177
-0.015617
0.148384
-0.119914
0.001296
-0.095999
-0.809000
-0.474879
-0.194026
-0.029562
-0.234575
-0.001952
0.332619
-0.026168
-0.226851
-0.900000
0.082881
0.005596
0.045192
0.199406
0.029192
-0.209632
0.073724
0.298679
-0.361000
0.113826
0.202128
-0.142134
0.548884
-0.246874
-0.084812
0.077387
0.041538
0.825000
0.142238
-0.293778
0.014627
-0.503383
-0.239780
0.248858
-0.127445
0.018560
0.624000
-0.253220
0.095264
0.131553
-0.067355
0.408788
-0.038932
0.029682
-0.043090
-0.270000
-0.464183
-0.373390
-0.084410
0.020779
0.147582
0.051800
-0.213040
0.192859
0.771000
0.443768
0.240300
0.324765
-0.028313
0.419619
-0.016576
0.125809
-0.239577
0.658000
0.120071
-0.030394
-0.326865
0.018015
-0.538684
-0.045047
0.103163
0.166651
-0.059000
0.130522
0.426080
0.006315
-0.212294
0.188889
-0.458860
0.022183
-0.103753
0.549000
-0.271336
-0.571937
0.625442
0.435195
-0.206865
0.924540
-0.438824
0.237804
-0.557000
-0.003682
0.122633
-0.686645
-0.241675
-0.079707
-0.340121
0.512433
-0.058466
0.367000
-0.149704
-0.224099
-0.042196
0.410340
0.204815
0.021239
0.428140
0.271475
-0.724000
0.323308
0.070846
-0.412754
-0.727959
-0.288839
-0.509490
-0.385063
-0.540301
-0.789000
-0.200059
0.222596
0.300207
0.274525
0.331369
0.456491
-0.067093
0.233933
-0.257000
-0.223156
0.075306
0.035890
0.265188
-0.266906
0.130288
-0.043831
-0.337814
-0.904000
-0.059985
0.137197
0.068681
0.010678
0.023349
0.134179
0.117052
0.181373
-0.920000
0.232840
-0.045519
-0.066948
-0.265803
0.054068
-0.067345
-0.133509
0.031396
0.747000
0.244337
0.102286
-0.034274
-0.269500
0.028864
0.148267
0.047778
-0.300491
-0.486000
-0.151558
0.046986
0.285621
0.285339
-0.220560
-0.526720
0.262878
0.406492
-0.658000
0.044897
-0.119743
-0.298696
-0.037698
0.137067
0.305256
-0.307186
-0.103513
0.370000
-0.192349
0.175781
-0.256599
0.411674
-0.181760
0.073304
-0.210218
0.093160
0.184000
-0.179418
-0.246011
0.394233
-0.574008
0.513141
-0.234631
0.170637
0.102501
0.891000
0.361355
0.068359
-0.098396
0.150346
-0.075515
0.016486
-0.058917
-0.200360
-0.352000
0.373209
-0.231397
-0.029646
-0.106717
0.091340
-0.263759
0.266819
-0.222262
-0.885000
0.066605
0.438272
0.035499
0.068571
0.205518
0.054552
-0.215491
0.242774
-0.605000
-0.214290
-0.125937
0.011057
0.055229
-0.389346
0.229279
-0.194989
-0.156964
0.187000
-0.665380
0.023663
0.370956
-0.332051
0.397724
0.200669
-0.052511
-0.229459
-0.631000
0.196400
0.338017
-0.226051
0.173321
-0.572904
-0.011053
0.046371
0.186654
-0.282000
0.303398
-0.259303
-0.125038
0.042711
0.295935
-0.292878
0.026976
0.204775
-0.878000
0.309731
0.104666
-0.152988
0.422353
-0.319559
-0.402521
0.478710
0.146743
-0.058000
-0.069255
-0.335194
0.210326
-0.321473
0.035701
0.582174
-0.563776
-0.423617
-0.802000
-0.181509
-0.012243
0.006710
-0.045344
0.203306
-0.072909
0.045957
0.345439
-0.889000
-0.124782
-0.047089
-0.552689
-0.132607
-0.054885
0.147568
0.288439
0.062821
-0.978000
0.058893
0.202190
0.790971
0.358789
0.091954
-0.660904
-0.297055
-0.024423
-0.094000
-0.002427
-0.009765
-0.170616
-0.198610
-0.076894
0.493641
-0.030035
-0.065764
-0.306000
0.186263
0.145735
-0.012036
-0.258399
-0.038419
-0.023936
0.394139
-0.311855
0.689000
-0.068759
-0.434137
0.311182
0.144652
0.109851
0.526800
-0.243228
-0.086918
0.690000
-0.032306
-0.002008
-0.170583
0.185923
-0.153829
-0.522402
-0.046543
0.448422
0.573000
0.017015
0.097978
-0.220512
-0.118463
0.177312
-0.229412
-0.129479
0.083402
-0.771000
-0.037558
0.129080
0.639719
0.156742
-0.231953
0.175629
-0.076891
-0.059103
0.088000
-0.061778
-0.129644
-0.524127
-0.072559
0.226350
-0.090286
0.172689
0.049769
0.005000
-0.280273
-0.370093
0.001980
0.310659
-0.010510
0.540777
-0.038754
-0.273743
-0.508000
0.148072
0.312713
-0.350093
-0.273397
0.119376
-0.664416
0.005037
0.283762
-0.127000
0.182426
-0.035180
0.411894
-0.012823
-0.101042
0.266454
0.006481
-0.111564
0.532000
-0.045618
0.102327
0.046440
-0.063385
-0.146262
0.255285
0.130348
0.130531
-0.756000
0.486069
-0.354179
0.055823
-0.156867
-0.029805
-0.419315
0.017605
0.031083
-0.519000
-0.453614
0.417836
-0.179727
0.073274
0.246022
0.129890
-0.077448
-0.271130
0.357000
-0.151107
-0.257855
0.146218
-0.094482
-0.000305
-0.225888
0.190311
0.199886
0.267000
-0.469907
0.407542
-0.178695
0.205423
-0.000209
0.589420
-0.483795
-0.316486
0.317000
0.532578
-0.266641
0.009035
-0.120561
-0.103041
-0.094790
0.331308
0.206679
-0.001000
0.587897
0.532799
-0.305285
0.012113
0.093018
-0.090920
-0.120661
-0.368576
-0.842000
-0.363818
-0.805026
0.292294
0.154099
0.018819
-0.327235
0.336412
0.265318
0.036000
-0.072266
0.455581
-0.076966
-0.140497
-0.237043
0.170343
-0.305689
0.237042
-0.433000
0.155125
-0.306034
0.189505
-0.087640
-0.234677
0.011995
-0.113226
0.135279
-0.730000
-0.165679
0.558517
0.268223
0.057233
-0.070720
0.246289
0.035666
-0.184916
0.331000
-0.150273
-0.169792
-0.465426
0.022060
0.357235
-0.105493
0.144016
-0.124362