2
108;8
0.877000
0.017367
0.134020
0.026648
0.135753
0.150612
0.235837
0.082096
0.196109
0.602000
0.190878
-0.150201
-0.303041
0.003107
0.668034
0.001105
-0.025404
0.016690
0.669000
-0.428286
-0.237865
0.587279
0.301251
-0.952480
0.294695
0.018407
-0.064488
0.689000
0.235763
0.164977
-0.202377
-0.142390
0.284297
-0.247149
-0.024968
-0.012229
0.771000
0.088234
-0.319028
0.309815
-0.358266
-0.110262
-0.209252
-0.173590
-0.222594
-0.093000
-0.177686
1.095261
-0.587703
0.262584
-0.012713
0.322702
0.197221
0.557996
-0.594000
0.102074
-0.510848
0.125974
-0.069462
-0.066492
-0.118755
0.069291
-0.150482
0.584000
-0.259120
0.278073
-0.014176
0.073911
-0.275922
0.154566
0.089484
-0.076944
-0.743000
0.091314
-0.338920
0.064275
0.111728
0.692996
-0.179147
-0.125731
-0.190504
-0.550000
0.233323
-0.162892
0.095812
-0.022842
-0.140591
-0.216705
-0.092913
0.254414
-0.338000
-0.321815
0.361975
-0.017079
-0.215311
0.257835
0.502082
0.171409
0.062819
-0.846000
0.028465
-0.766193
-0.304121
0.154217
-0.271719
-0.604332
0.095237
0.001728
0.166000
0.156862
0.467308
0.250645
0.049966
-0.048767
0.309158
-0.271239
-0.136329
0.242000
0.120513
-0.155448
0.224689
0.147018
-0.181737
-0.321127
-0.048658
0.055020
0.884000
-0.056505
0.155302
0.236051
-0.361480
0.316725
0.365784
0.000755
-0.424307
0.672000
0.089971
-0.016672
-0.306874
-0.047371
-0.018397
-0.059967
-0.078324
0.394282
0.233000
0.228890
-0.167915
-0.120607
0.059840
0.079544
0.102691
-0.295903
-0.001767
-0.672000
-0.379706
0.336037
-0.029134
-0.021158
-0.039556
-0.136253
0.447737
0.177128
0.560000
-0.017805
-0.015925
0.173373
0.027134
-0.197211
0.115678
-0.187450
-0.091982
0.821000
0.137684
-0.078384
0.248840
-0.037222
-0.275438
0.168321
0.102729
0.128422
0.854000
-0.224823
-0.004711
-0.458264
-0.233255
0.085626
-0.111669
-0.195187
-0.416353
-0.305000
0.149458
0.029219
0.272901
0.208321
0.040583
0.020010
0.097360
0.227386
0.981000
0.128635
0.266014
0.128158
0.098797
-0.307946
-0.061820
0.016685
-0.048686
0.237000
-0.222680
-0.716395
-0.163493
0.151159
0.698456
-0.148626
0.033351
0.419350
-0.495000
0.027704
0.485583
0.083252
-0.159994
-0.288623
0.046281
-0.189203
-0.233563
-0.792000
0.093213
-0.370918
-0.013962
0.534612
-0.236185
-0.231248
-0.042395
-0.121526
-0.966000
1.194648
0.103734
0.232157
-0.920280
0.192784
0.348427
-0.143735
0.184686
0.222000
-1.227317
0.197887
-0.286307
0.454826
0.021087
-0.099633
0.162728
-0.002508
-0.727000
0.636353
-0.292205
0.099089
-0.596407
0.268416
0.122201
-0.211781
-0.151955
0.419000
-0.753772
0.456122
-0.329947
0.864475
-0.476453
-0.577012
0.258562
0.482017
-0.646000
-0.020268
-0.246379
0.235637
-0.333288
0.507638
0.269353
-0.102025
-0.144775
-0.923000
0.223479
-0.016880
-0.246672
-0.058411
-0.203127
-0.117881
-0.065927
-0.073917
-0.537000
-0.242645
0.218268
0.315847
0.427508
-0.216154
0.380992
0.055011
0.295612
0.898000
-0.311049
0.021467
-0.078275
-0.303016
0.212443
-0.167348
0.200036
-0.162669
0.551000
-0.505879
0.094887
0.059103
-0.083447
0.140873
0.085700
0.401858
0.212072
-0.767000
0.416557
-0.047041
-0.207858
-0.060450
-0.130420
-0.017508
-0.711259
-0.263353
0.491000
0.392946
-0.129174
0.130420
0.085131
-0.022776
-0.219448
0.299666
-0.009474
-0.353000
-0.307487
-0.154611
-0.069278
-0.479347
0.243078
0.189798
0.070599
-0.039581
0.586000
0.383582
0.326950
0.178629
0.949817
0.305225
-0.310795
-0.093549
0.346669
0.597000
-0.058571
-0.082323
-0.143166
-0.640529
-0.217914
0.117236
0.105561
-0.525214
-0.959000
-0.184045
0.097600
0.238791
0.050266
0.134206
-0.159243
-0.080528
0.176990
0.800000
0.394018
-0.143762
-0.479285
-0.155819
-0.473209
-0.059699
0.072995
-0.700520
0.048000
0.039895
0.019943
0.134118
0.150546
0.024825
0.245853
0.159167
0.427127
0.064000
-0.014478
-0.310661
0.560797
0.754874
-0.414350
0.089592
-0.240167
-0.290041
-0.841000
-0.135602
0.418266
-1.224824
-1.823582
0.840292
0.525804
0.251017
1.035718
0.870000
-0.109389
-0.215318
0.902039
0.769907
-0.530212
-0.470776
0.152782
-0.500637
-0.646000
-0.026339
0.183023
0.145447
0.238830
-0.000994
0.071829
-0.005521
-0.169090
0.604000
0.361475
-0.539271
-0.422355
-0.232366
0.067743
-0.378034
-0.221989
0.500816
0.300000
-0.670814
0.236516
0.253894
0.362306
-0.088824
0.301488
0.299101
-0.293565
0.016000
-0.015484
-0.081523
0.013582
0.901503
-0.062167
-0.023731
0.096771
0.192526
0.628000
0.164979
-0.132845
0.088327
-1.342956
0.267542
0.204742
-0.333844
-0.170764
-0.891000
0.239914
-0.077826
-0.179188
0.432169
-0.265648
-0.194782
0.179675
0.141960
-0.786000
-0.141883
0.291831
0.075313
-0.457094
0.006252
-0.279676
-0.144717
-0.190364
0.858000
-0.150733
0.127129
-0.190645
0.711487
0.019355
0.451297
0.037692
0.010102
-0.158000
0.306451
-0.124501
0.104331
-0.234536
0.072268
-0.155214
0.019660
-0.168353
-0.300000
-0.117303
0.195490
-0.515114
-0.790154
0.379140
0.066425
0.240225
0.144011
0.478000
-0.366130
-0.760540
0.831386
1.353824
-0.841767
-0.052666
-0.111235
-0.236764
-0.217000
0.715279
0.565507
-0.401268
-0.512283
0.365628
-0.025148
-0.167730
0.039700
0.916000
0.316472
0.312761
-0.230344
-0.087829
0.245487
0.317314
-0.556229
0.323772
-0.372000
-0.144199
-0.189991
0.495743
-0.102091
-0.161657
-0.523631
0.378808
-0.171492
-0.971000
-0.331131
-0.109814
-0.225626
0.271737
0.008682
0.031899
0.118930
0.004509
0.784000
0.218788
-0.021847
-0.175622
0.525718
0.169184
-0.483780
-0.362953
0.157162
0.610000
0.300581
0.029842
0.324233
-0.566765
0.034767
0.178146
0.346752
-0.476284
0.764000
-0.489945
0.011136
-0.312783
0.155947
-0.085327
0.209962
0.130187
0.163069
0.759000
-0.115697
-0.094214
-0.414716
0.201130
-0.060962
0.467570
-0.142770
-0.234640
0.023000
-0.240345
0.480190
0.619951
-0.325553
-0.102720
0.116433
0.261994
-0.197909
-0.564000
0.367244
-0.295407
-0.134149
0.002664
0.094631
-0.323629
0.060007
0.102566
-0.473000
0.085092
-0.255431
0.110752
0.510498
-0.268647
-0.284693
-0.300652
-0.063479
-0.454000
0.345135
0.212080
0.021849
-1.151122
0.449921
0.501657
-0.078805
0.135587
0.924000
-0.472556
-0.142366
-0.221124
0.494740
-0.204626
-0.019364
0.638464
-0.131489
0.924000
-0.312654
-0.070217
-0.152822
0.544809
0.019277
0.203050
0.098643
0.272626
-0.975000
0.088713
0.009999
0.259827
-0.603072
0.427602
-0.582515
0.131259
-0.416487
0.261000
0.238801
0.044421
-0.127342
0.147126
-0.348572
0.181408
-0.231771
0.147186
-0.541000
-0.137811
0.481256
-0.426344
-0.377780
0.406710
-0.013310
0.106808
-0.060172
-0.827000
0.079529
-0.403325
0.965434
0.192806
-0.388548
0.071668
-0.249313
0.081255
0.237000
0.002311
-0.009527
-0.527997
0.155316
-0.030109
-0.106652
0.086169
0.095830
-0.873000
0.090031
-0.230433
-0.301343
0.259905
-0.236658
-0.171169
0.051193
-0.205202
-0.786000
0.137909
0.438378
0.446056
-0.003619
-0.042311
0.036636
0.040569
0.203697
-0.924000
-0.206040
-0.025283
-0.184340
-0.277027
0.289707
0.096984
-0.071251
-0.155762
-0.002000
-0.256714
0.154649
0.096830
0.264897
0.092883
0.298097
-0.082388
-0.181261
-0.263000
-0.051824
-0.041785
0.149724
-0.859412
-0.097252
-0.616247
0.435031
-0.252070
-0.892000
0.350949
-0.069442
-0.224484
0.515163
-0.003437
0.326049
-0.332081
0.406013
0.870000
0.335249
0.199186
0.145104
0.203138
0.117357
-0.351085
0.277970
-0.251702
0.174000
0.106265
-0.402294
0.207182
-0.099434
-0.331201
0.041725
-0.360117
0.734315
-0.895000
0.023259
0.123318
-0.360594
-0.077000
0.191887
0.196517
-0.217716
-0.454224
-0.850000
0.021897
0.184801
-0.109633
0.165304
0.382039
0.017511
-0.098065
-0.127070
0.653000
-0.223958
-0.108959
0.336117
-0.195269
-0.249225
-0.166146
0.201373
-0.367352
-0.277000
-0.002191
0.060469
-0.060399
-0.083871
0.080877
0.146292
-0.209602
0.426478
0.009000
-0.382198
-0.280646
-0.123305
0.055311
-0.307203
-0.235245
0.266689
0.138890
0.586000
0.536894
0.041437
0.096858
0.068788
0.187362
0.751402
-0.493707
-0.161048
0.782000
0.046218
-0.137876
-0.050375
-0.095901
-0.004263
-0.406914
0.252057
0.270550
-0.943000
-0.103996
0.320187
-0.370370
-0.351712
-0.132636
-0.226776
0.675812
0.072914
0.584000
0.149159
-0.827047
0.767734
0.666458
0.201655
0.230952
-0.982403
-0.384164
0.032000
-0.138582
0.542982
-0.372393
-0.298179
-0.194563
0.111991
0.339796
0.319002
-0.721000
0.005568
-0.027437
-0.151350
0.113682
0.341653
0.103302
0.197061
-0.436199
-0.099000
-0.078081
0.273925
0.443988
-0.295580
-0.355589
-0.138870
-0.159514
0.248304
0.354000
-0.008373
-0.391342
-0.281437
0.245365
0.198219
-0.075910
-0.004382
0.266196
-0.472000
-0.038939
-0.187153
-0.126413
-0.025750
-0.169100
0.432814
-0.276462
0.057118
-0.586000
0.233845
0.137512
0.334294
0.324747
-0.009332
-0.519904
0.459685
0.015358
0.564000
-0.058615
0.152808
-0.261289
-0.309055
0.137394
0.125718
-0.315791
-0.157393
-0.066000
-0.172360
-0.235915
-0.165780
0.174874
-0.349701
0.360203
0.164383
-0.202624
-0.963000
-0.278605
0.206528
0.146973
-0.310188
0.757942
-0.644211
-0.353996
0.410904
0.339000
0.257031
0.113892
0.027626
-0.019796
-0.170101
0.380553
0.337375
-0.379453
-0.176000
0.092427
0.126106
-0.057796
-0.341533
0.284921
-0.192146
0.358548
-0.053689
-0.636000
-0.144465
0.009455
-0.018620
0.118739
-0.392968
0.378332
-0.333970
0.148657
-0.153000
0.295192
-0.054124
-0.102707
0.246638
-0.249486
-0.192155
-0.144555
0.174835
-0.037000
0.491214
0.017016
0.232102
0.211594
-0.230513
-0.198326
-0.105618
0.008211
0.573000
-0.395951
0.215946
0.295894
-0.028386
-0.213047
0.293111
0.142923
-0.447996
-0.487000
-0.350496
-0.119991
-0.468357
-0.194011
0.555633
0.009645
0.019513
0.245735