2
192;8
-0.987000
0.112169
0.234882
0.215724
0.086221
0.018732
0.133003
0.008775
0.158232
0.217000
0.067970
0.012648
-0.301359
-0.116536
-0.087762
0.015844
0.269747
0.225464
-0.463000
-0.009042
0.282743
0.478915
0.213999
0.077832
-0.298553
-0.140935
-0.567002
0.034000
0.009545
-0.264224
-0.161053
-0.094156
0.030001
0.048100
-0.096644
0.420076
0.330000
-0.265334
-0.365807
-0.167118
0.101324
0.149695
-0.248311
-0.137767
0.182269
0.018000
0.325122
0.826763
0.078480
-0.037472
-0.217723
0.602513
-0.316252
-0.049336
-0.190000
0.005319
-0.248846
0.014524
-0.069534
0.065022
-0.213971
0.460522
-0.436475
0.405000
0.161249
-0.385492
0.193272
0.259943
0.269585
0.018680
0.378403
-0.451093
0.403000
-0.290984
0.228729
-0.156200
-0.839810
-0.459606
0.255829
-0.252690
0.682931
-0.532000
0.105777
-0.191714
0.129649
0.570271
0.158480
-0.187649
-0.106508
-0.099905
-0.773000
0.136900
0.653813
-0.158685
0.001794
-0.190847
0.155611
-0.291561
0.083803
-0.738000
-0.170100
-0.600365
0.071835
0.234944
0.168718
-0.236123
-0.391833
-0.019929
0.562000
0.085404
-0.282794
0.148626
-0.313279
0.112512
-0.081844
0.652079
0.188815
0.265000
0.029812
-0.089150
-0.316174
-0.482652
-0.023897
0.408671
-0.086510
0.025294
-0.324000
-0.138052
-0.020639
0.471320
0.959193
0.092022
-0.577626
0.316985
0.068608
0.027000
0.136312
0.264795
-0.232508
-0.351367
-0.088717
0.182745
-0.090581
-0.313411
-0.191000
-0.271657
0.304482
0.275736
0.152905
0.130562
-0.113255
-0.031123
-0.126387
-0.228000
0.351868
-0.016905
-0.093342
-0.120748
-0.115469
-0.223087
-0.353752
-0.186262
-0.049000
-0.247456
-0.225708
-0.119835
-0.197654
0.062784
0.264650
0.281774
0.463835
0.113000
0.071096
-0.159597
-0.316514
-0.147229
-0.008940
0.033051
-0.064015
0.411782
0.998000
0.240121
-0.055968
-0.356929
0.306015
0.380999
-0.073674
0.292459
-0.252278
0.616000
-0.372743
0.140433
0.655186
-0.085249
-0.333069
0.120087
-0.154480
-0.177327
0.738000
-0.296887
0.041857
0.270518
-0.049478
0.130611
-0.096482
0.116547
-0.109362
0.484000
0.368643
-0.186321
0.151879
-0.092350
-0.512257
0.388204
-0.045055
-0.013640
-0.770000
-0.006458
0.260743
-0.319587
0.042053
0.441382
-0.282408
-0.193891
-0.048173
0.512000
0.013081
-0.047456
-0.087143
-0.069858
-0.109172
0.003814
-0.230522
0.551974
-0.063000
0.084296
-0.235061
0.194765
-0.141740
0.390369
-0.267322
0.245814
-0.533538
-0.760000
-0.040661
0.173693
-0.213912
0.250715
-0.189713
0.258021
-0.083423
0.034774
-0.325000
-0.032183
0.456347
0.410138
0.074210
0.068065
-0.367281
0.061444
-0.325586
0.417000
-0.060968
-0.395091
-0.327433
0.236151
-0.287419
0.313700
-0.116479
0.185337
-0.949000
-0.081086
-0.074380
0.222591
-0.384470
0.093473
0.061080
0.152568
0.111382
-0.105000
0.174946
-0.243420
0.298911
-0.358745
-0.112331
0.208780
0.186533
-0.199088
0.739000
-0.288947
0.197089
-0.729309
0.239967
0.284591
-0.077237
-0.122945
0.510837
0.243000
0.118732
0.106518
0.277344
0.232723
-0.147526
-0.090580
-0.177968
-0.242145
-0.348000
0.044274
-0.038284
-0.042482
-0.079964
0.255089
-0.121884
-0.143919
0.015539
-0.559000
-0.144895
0.048611
0.149347
0.445971
-0.239637
-0.409883
0.886557
-0.176251
0.013000
0.172172
0.116897
-0.063975
-0.522509
-0.051379
0.457600
-0.672686
0.029839
-0.041000
-0.478965
0.378575
0.007082
0.088025
-0.285970
-0.297585
0.163019
0.350686
-0.645000
1.107950
-1.021624
0.080458
-0.095264
0.111328
0.595741
-0.573523
-0.269719
-0.237000
-0.570117
0.523218
0.018930
0.006909
0.138703
-0.362635
0.204989
0.203087
-0.866000
-0.212919
-0.093529
-0.071164
-0.032809
0.164383
-0.061334
0.317748
0.010987
0.503000
0.008831
-0.053584
0.070998
0.003055
-0.234506
0.314421
-0.034062
-0.077137
0.968000
0.153941
0.206087
-0.071975
0.003158
0.078220
-0.019137
-0.360981
-0.060709
0.329000
0.312014
-0.405182
-0.027701
0.176414
0.036460
0.137653
0.016257
-0.087381
-0.184000
-0.452587
0.628587
0.536926
-0.576987
-0.080202
-0.080179
-0.464414
-0.067473
-0.835000
0.143041
-0.152069
-0.433149
0.431825
0.060491
-0.182350
0.458567
0.128175
-0.882000
0.191177
0.315080
0.015822
0.072728
-0.245525
-0.231429
-0.280910
-0.126494
0.945000
-0.352870
-0.147758
-0.317044
0.017415
0.394419
0.113591
0.345631
0.424279
-0.796000
0.134729
-0.266095
0.255565
-0.067280
-0.234679
0.273790
-0.036771
-0.227734
0.769000
-0.333142
0.180476
-0.014925
0.371015
0.253579
0.128497
0.350698
-0.268420
-0.194000
0.319452
0.077118
0.060716
-0.558214
-0.655375
0.050242
-0.454421
-0.086301
0.977000
-0.063933
0.007126
-0.115435
0.211361
0.363397
-0.174349
0.108103
0.252417
-0.990000
0.186690
-0.370517
-0.009235
-0.075389
-0.091798
-0.031105
-0.068789
-0.045201
0.099000
0.027424
0.150916
-0.253488
0.063626
0.509539
0.072495
0.118685
0.104712
-0.325000
-0.056728
0.130277
0.224499
-0.016099
-0.260592
-0.194111
0.122105
-0.222544
-0.843000
0.198379
-0.063456
-0.239300
0.300345
0.202227
0.120073
-0.261684
-0.140002
-0.430000
-0.359767
0.175203
0.763337
-0.532354
-0.509117
-0.533427
0.730260
0.529898
-0.743000
0.190749
-0.223152
-0.496595
0.075767
0.269904
0.598112
-0.598396
-0.222903
0.732000
0.513265
-0.095137
-0.427543
0.243015
-0.016930
-0.222360
-0.020416
-0.388961
-1.000000
-0.985971
0.312906
0.489174
-0.588488
-0.073208
0.369508
0.387415
0.260493
-0.775000
0.439670
-0.346915
0.058511
0.549855
0.163591
-0.281877
-0.285527
0.010429
0.534000
-0.285781
0.100176
0.020332
-0.101428
0.158431
0.171118
0.459394
0.141656
0.524000
0.332444
-0.217957
0.343865
-0.060036
-0.101427
-0.288710
-0.411345
-0.324654
-0.681000
-0.049337
0.020765
-0.206109
0.026044
-0.076458
0.007390
-0.064290
0.393413
-0.568000
0.026608
0.189307
0.080360
0.094888
-0.016776
0.065395
-0.114062
-0.275139
-0.504000
0.341144
0.017150
-0.390943
-0.097682
0.168184
-0.378666
0.203223
-0.024177
-0.201000
-0.349328
-0.169409
0.376112
0.199580
-0.113846
0.295782
-0.261420
0.178559
0.367000
0.164645
-0.226535
0.074863
-0.290380
-0.248857
0.012676
0.314487
0.039049
-0.728000
-0.335367
0.503122
0.093434
0.495400
0.049761
0.179463
-0.537382
0.068657
-0.320000
0.198602
-0.370246
-0.086057
-0.307183
0.160740
-0.092411
0.224218
-0.118124
0.108000
-0.239150
-0.043952
0.221233
0.207472
0.158889
0.078882
-0.320116
0.001410
0.413000
0.251499
-0.105804
-0.443238
-0.255012
-0.149032
0.124841
0.303395
-0.044097
0.813000
-0.059987
0.099631
0.081539
0.159692
0.074507
-0.284442
0.176760
-0.051752
0.885000
-0.413711
0.024566
-0.107783
-0.108982
-0.151423
-0.130893
-0.520962
0.409344
0.030000
0.955094
-0.164776
0.058323
-0.061069
0.135980
0.093577
0.607081
0.114382
-0.773000
-0.655341
-0.001418
-0.172630
0.137443
-0.021189
0.201773
-0.041739
-0.188099
0.301000
-0.278584
0.297390
0.074319
-0.090896
0.104474
0.150744
0.138977
0.069510
-0.607000
0.168307
-0.394646
0.111106
0.528650
-0.260816
-0.442927
-0.296362
-0.165337
-0.795000
0.072720
0.137321
-0.104097
-0.280998
0.084746
0.194723
0.152693
0.025073
0.208000
0.061632
-0.039041
0.023006
-0.367790
0.220382
0.023125
-0.022598
-0.087669
0.079000
-0.273812
0.036062
-0.375600
0.372830
-0.182764
0.202174
0.124478
0.071750
0.694000
0.089134
0.051014
0.217166
0.155802
-0.017708
-0.230231
0.094286
-0.119882
0.592000
0.802007
-0.135469
0.195156
-0.317849
0.415756
-0.072513
0.076284
-0.041433
-0.133000
-1.497212
0.490050
0.240175
0.548847
-0.749305
-0.219107
-0.245716
0.449192
0.223000
0.613164
-0.151178
-0.202030
-0.225140
0.490095
0.181994
-0.159478
-0.463779
-0.760000
-0.065016
-0.086389
-0.206800
-0.008742
-0.049248
-0.236513
-0.026013
-0.053643
0.956000
0.174197
-0.150893
0.592656
0.092251
-0.176415
0.261403
-0.027682
-0.046255
0.512000
0.040219
0.225864
-0.423969
0.060309
0.205559
0.006946
-0.185384
0.049029
-0.536000
0.339960
-0.004666
0.021490
0.085095
-0.003788
-0.195328
0.017848
0.100377
0.892000
-0.624900
0.008449
0.110161
-0.607962
-0.279774
0.227079
0.413841
0.265957
0.954000
0.401566
0.048835
-0.038228
0.396177
0.218141
-0.276198
-0.236518
-0.428696
-0.809000
0.296111
-0.083103
-0.294335
-0.093046
0.315484
0.022270
-0.090504
-0.098983
0.174000
-0.435185
-0.085344
0.423955
0.163508
-0.165519
-0.039484
0.139404
-0.175903
-0.903000
0.109690
0.183604
-0.173376
-0.050891
-0.199975
-0.010956
0.119556
0.263912
-0.657000
-0.072698
0.054319
0.067519
-0.126855
-0.112298
0.159166
-0.098900
0.120123
-0.954000
0.234289
0.205944
-0.246220
-0.165990
0.114938
0.023686
-0.049677
0.086956
0.678000
-0.129937
-0.226769
-0.041259
0.168683
-0.028407
0.055668
0.115832
-0.074087
0.778000
-0.257011
0.340402
0.218853
0.162791
-0.068412
-0.196865
0.391781
-0.036122
-0.778000
0.286768
-0.322474
-0.248797
0.060161
0.391542
-0.136786
-0.667425
-0.330060
-0.997000
-0.037627
0.001772
0.057218
-0.116246
-0.399760
0.274306
0.440110
0.202555
0.643000
-0.209578
-0.312408
0.339869
-0.255641
-0.276321
0.376621
-0.222182
0.109332
-0.786000
0.863081
0.125377
-0.489877
0.024819
0.375628
-0.270155
0.001484
-0.055758
0.281000
-0.586567
0.232840
0.077271
0.090129
-0.215962
-0.024559
0.146960
0.089608
0.758000
-0.010480
0.000306
-0.072651
-0.018584
-0.062300
-0.137957
0.214077
0.301469
0.220000
-0.214785
-0.045972
0.254233
-0.188061
0.080014
0.209172
0.088527
-0.357571
-0.674000
0.298939
-0.187680
0.021671
0.239874
0.031760
-0.100339
-0.389651
0.026027
0.701000
0.322416
0.040484
-0.117757
-0.298448
-0.230291
0.039536
0.080834
-0.040290
-0.651000
-0.515215
-0.262012
0.158341
0.311528
0.275702
0.210326
0.042566
-0.004076
-0.226000
0.242690
0.243485
-0.236627
0.079064
-0.140288
-0.192904
-0.083352
0.061732
0.097000
-0.224545
0.150576
-0.161956
-0.048564
-0.126311
0.241871
-0.111586
0.250982
0.897000
0.288826
0.388540
-0.460836
0.058185
0.046620
-0.077510
0.140404
-0.400183
0.262000
-0.052929
-0.534201
0.487269
0.061239
0.102105
-0.126302
-0.080432
0.228444
0.464000
0.785431
0.038601
0.132940
-0.415002
-0.085671
-0.191096
0.081296
-0.245511
0.210000
-1.067845
0.178210
0.114991
0.305613
0.443665
0.088850
-0.084138
0.326610
-0.639000
0.076973
0.013213
-0.385480
0.303077
-0.366766
0.084543
0.080012
-0.163953
-0.526000
0.198931
-0.035899
-0.047724
0.140562
0.072713
-0.114588
-0.148301
-0.115065
-0.276000
-0.660251
-0.019923
-0.109876
-0.177109
-0.219280
0.034284
0.214388
0.712248
-0.538000
0.544461
-0.030353
0.195331
0.105824
0.152531
-0.049123
-0.152788
-0.522081
0.775000
0.003980
-0.030976
0.242932
0.283211
-0.109656
0.047117
-0.171557
-0.088969
0.675000
0.135094
-0.212810
-0.289898
-0.193905
0.209219
0.111507
-0.019400
-0.007820
-0.217000
-0.119499
0.146524
0.047934
-0.091773
-0.064436
-0.158546
0.200410
0.083987
0.035000
-0.631589
0.020161
-0.110115
0.050271
-0.457474
0.288651
-0.254688
0.437618
0.141000
0.906485
-0.090660
0.372344
-0.056607
0.554777
-0.382491
-0.083394
-0.158768
-0.412000
-0.274751
0.084931
-0.341682
-0.150015
-0.060568
0.134160
0.394391
-0.192782
0.187000
-0.081395
0.310170
-0.198112
-0.026447
-0.122061
0.071530
0.073105
0.055981
0.086000
-0.239688
-0.122450
-0.052000
0.076534
0.408794
0.082643
0.433976
-0.647339
-0.977000
0.389502
-0.444933
0.404396
-0.075365
-0.177066
-0.068214
-0.391431
0.396088
0.560000
0.299300
-0.132433
0.254974
-0.205168
-0.179977
-0.014120
-0.071081
0.028905
-0.966000
-0.420058
-0.128714
-0.256161
0.103104
0.261863
0.015057
0.273273
0.148745
0.535000
0.085165
0.310544
-0.143629
0.158309
-0.138393
-0.024177
-0.234149
0.027951
0.312000
0.083266
0.038605
-0.064835
-0.088193
0.012810
-0.066145
0.121388
0.058682
-0.680000
-0.237266
-0.470109
-0.175340
0.301227
0.260412
0.053090
-0.197893
0.227167
-0.644000
0.145514
0.357946
0.274883
-0.244475
-0.269012
-0.013771
0.105426
-0.246036
0.487000
0.307247
0.012604
-0.070740
0.198385
-0.044641
-0.106160
0.043273
-0.112348
-0.790000
-0.185475
0.123624
-0.008331
-0.217830
0.479889
0.031637
-0.023012
-0.178177
0.610000
-0.167360
0.015035
0.005820
-0.050302
-0.411802
0.069296
0.253459
0.072505
0.383000
-0.197594
-0.139229
-0.350998
0.024904
0.021084
0.230653
0.276675
0.046202
-0.308000
-0.010909
0.190368
0.207088
-0.025175
0.118946
-0.352491
-0.309754
0.101612
-0.579000
0.197241
-0.045368
0.065667
0.007898
-0.047502
0.009302
-0.105241
-0.000615
-0.596000
0.388755
0.018335
0.189991
-0.186376
0.097769
-0.012277
-0.073341
-0.120982
-0.029000
-0.196734
0.110661
-0.200463
0.315312
-0.283552
0.028990
0.371619
-0.355079
-0.794000
-0.209470
0.013128
0.052346
-0.120730
0.185011
-0.014731
-0.294114
0.395184
0.317000
0.308692
-0.065179
0.216728
-0.018583
-0.341745
-0.164455
-0.352594
0.131567
-0.100000
-0.507448
0.200279
-0.320816
-0.214612
0.571495
-0.153350
0.282843
0.313915
0.095000
0.196752
-0.171496
0.227700
0.256037
-0.317554
0.147946
0.195566
-0.428388
-0.716000
-0.285162
-0.018049
0.084217
0.115819
-0.200300
0.366336
-0.108430
0.097232
0.710000
0.300372
0.433707
-0.308411
-0.583834
0.809605
-0.515323
0.097794
-0.375918
0.300000
-0.051669
-0.284211
0.316708
0.564968
-0.642479
0.128045
-0.147975
0.198315
-0.194000
0.376038
-0.442746
0.063327
0.288104
0.043978
-0.190481
0.035238
0.122822
-0.371000
-0.320397
-0.050709
-0.014332
-0.196041
-0.310696
0.062075
0.018747
0.154706
-0.351000
-0.101125
0.453161
-0.086947
-0.079178
0.123905
0.196327
-0.100053
-0.070753
0.997000
0.317919
0.175454
-0.368428
-0.009168
0.024439
0.077519
-0.232989
-0.310769
0.700000
-0.360567
0.326641
0.336824
0.418687
-0.008518
0.141718
-0.160075
0.033950
-0.276000
0.056402
-0.308111
-0.132816
-0.482532
0.012577
-0.097358
0.387037
0.121140
0.300000
-0.146887
0.300611
-0.187448
-0.088891
-0.156136
0.153357
0.249945
0.085083
-0.430000
0.322342
-0.867182
0.001139
0.137859
0.563434
-0.141114
0.024179
-0.255479
-0.714000
-0.216819
0.478557
0.235738
-0.009836
-0.444563
0.021997
-0.153392
0.092629
0.430000
0.217022
-0.123820
-0.022932
0.014723
0.015415
0.112640
-0.335161
-0.180660
0.943000
-0.457812
-0.118456
0.544342
-0.014856
-0.089206
-0.090034
0.100575
0.272503
-0.212000
0.248071
0.096602
-0.528818
-0.128978
0.124811
-0.027420
0.254174
0.175419
0.942000
0.124965
-0.237138
-0.048025
0.110918
0.149203
-0.294015
0.477727
0.301703
0.336000
-0.166107
0.076638
-0.243684
-0.062093
-0.288943
0.388138
-0.264297
0.020207
-0.952000
0.043730
0.171677
0.170516
-0.173641
0.137361
-0.018065
0.033325
-0.422358
0.151000
-0.491680
0.091968
-0.460491
0.135826
-0.063855
0.224081
-0.662416
0.005068
0.351000
0.444877
0.241865
0.662849
-0.356630
0.308450
0.170760
0.279086
-0.085117
0.553000
-0.065360
-0.454535
-0.065762
0.220089
-0.199513
-0.256871
0.204806
0.185837
-0.039000
0.315480
-0.322711
0.225332
0.395552
0.098416
-0.058635
0.372808
-0.037179
-0.111000
-0.185908
0.346165
-0.577315
-0.329872
0.032184
-0.072559
-0.154499
-0.262945
-0.528000
-0.050224
0.086788
0.423935
-0.109263
-0.089342
-0.075478
-0.173063
0.226584
0.933000
0.082498
-0.245114
0.113804
0.400337
-0.360086
0.031441
-0.024951
-0.015161
-0.446000
0.179756
-0.129634
0.039460
-0.580299
0.571819
0.018399
-0.057671
0.146795
-0.658000
-0.272683
0.400016
-0.169409
0.124417
-0.190857
0.112145
0.024098
-0.202281
-0.832000
-0.573657
0.382934
-0.467732
0.244410
-0.195285
0.169266
-0.058456
-0.021803
-0.173000
0.269562
0.073075
-0.032250
0.208490
0.494185
-0.308744
0.295014
-0.030244
0.551000
0.408544
-0.510744
0.538406
-0.390639
-0.167005
-0.132843
-0.133915
-0.020183
0.162000
0.142372
-0.187667
0.219577
-0.099296
-0.120995
-0.054583
0.213304
0.225696
-0.515000
0.125059
-0.183614
-0.290986
-0.511912
0.553149
0.226131
-0.383788
-0.254180
-0.968000
-0.323050
0.254650
0.185198
0.630572
-0.535954
-0.090718
0.075376
0.201289
-0.326000
-0.052596
0.400874
-0.322530
0.184372
0.119365
-0.243174
-0.256186
-0.075860
-0.656000
0.065884
-0.270568
0.539653
-0.016016
-0.598743
0.173901
0.158248
0.052953
0.404000
0.028032
0.004389
-0.353488
-0.230891
0.532537
-0.040658
0.157176
0.054519
-0.360000
0.356144
0.304545
0.163059
-0.081321
-0.131091
-0.085720
-0.104375
-0.054774
0.529000
-0.614938
-0.458498
-0.120731
0.175528
0.358241
-0.009891
0.399998
0.213483
-0.230000
0.097885
0.121322
-0.158753
0.009624
-0.287954
0.263811
-0.317591
-0.094824
0.535000
-0.450093
-0.060118
0.090799
0.110904
-0.112443
0.132630
-0.098722
-0.253956
0.815000
0.614118
0.314200
-0.147481
-0.150867
0.229860
-0.227378
-0.284463
0.130409
-0.690000
-0.158835
0.030605
0.136326
0.050008
-0.134685
-0.010278
0.267101
0.028034
-0.530000
0.183275
-0.248351
-0.252002
0.103736
0.044856
0.108301
0.359921
0.501776
0.360000
-0.107081
-0.101491
0.195803
-0.143773
0.016531
-0.148406
-0.169571
-0.464630
-0.290000
-0.032323
0.130420
0.204557
-0.061452
-0.166220
0.175814
-0.016629
-0.170856
0.413000
-0.051990
0.082260
0.056006
-0.158249
0.086434
-0.154296
0.265749
-0.511071
0.708000
0.026589
0.178194
-0.213080
0.182622
0.114644
0.277012
-0.337301
0.231343
-0.506000
0.002859
-0.116526
-0.052474
0.060209
-0.192577
-0.041223
-0.098182
0.345951