2
192;8
0.433000
0.166284
0.264141
0.166933
0.079333
0.011341
0.096262
0.017170
0.131456
0.560000
0.224723
-0.012845
0.312659
0.127761
0.370938
-0.354820
-0.038900
-0.226465
-0.525000
-0.229588
0.256032
-0.170923
-0.573902
-0.603126
0.004153
0.655653
0.815885
0.492000
0.132838
0.111044
0.089137
0.275154
0.254518
0.042036
-0.848434
-0.667219
0.467000
0.156284
0.491047
0.426039
-0.266549
-0.249871
0.705031
0.671476
-0.102935
0.990000
-0.794669
-0.242101
-0.756263
0.507510
0.446393
-0.579561
-0.775998
0.154343
-0.775000
0.521336
-0.305732
0.129697
0.029780
-0.199054
-0.253947
0.591519
-0.044436
-0.941000
-0.462504
-0.265827
-0.442889
-0.002423
-0.190788
-0.163019
-0.260541
0.197611
0.494000
0.984538
0.008175
0.634461
-0.461429
0.003653
0.446639
0.261010
-0.072995
-0.405000
-0.473191
-0.315289
-0.281065
0.195509
0.461000
0.433193
-0.389592
-0.391552
0.780000
-0.065363
-0.196825
0.159745
-0.245032
-0.154427
0.366241
-0.192789
0.151359
0.790000
-0.607475
-0.045261
-0.682897
0.804884
-0.024233
-0.361723
0.423227
-0.258436
0.088000
0.847737
0.288051
0.688690
-0.347069
-0.324707
-0.397836
-0.117998
0.390796
0.994000
-0.235506
0.497634
-0.582315
0.347787
0.675881
-0.347409
-0.216522
-0.045576
-0.796000
0.539516
-0.379654
0.936476
-0.968299
-0.842645
0.124414
0.023375
-0.448429
0.737000
-0.478879
0.008938
-0.402482
0.515684
0.801688
-0.012866
0.415993
0.292573
0.341000
0.113114
-0.354942
0.530715
0.535464
-0.516626
0.134609
-0.631785
0.635239
-0.385000
0.053385
0.332502
-0.294185
0.011861
0.103798
-0.353698
-0.156719
-0.592757
0.562000
-0.140322
0.083181
-0.122268
-0.665278
-0.082451
0.601434
0.515748
0.313597
-0.182000
0.032890
0.103263
0.428251
-0.812709
0.118694
-0.001672
0.293553
-0.268243
-0.432000
-0.018006
0.486824
-0.631415
0.187862
-0.009238
-0.286477
-0.336214
0.623751
0.152000
-0.361372
-0.468543
0.087535
0.605316
0.252449
-0.415119
0.124719
-0.405022
-0.581000
-0.165807
-0.101729
-0.615770
0.530443
0.366041
-0.031617
-0.473998
-0.457679
0.853000
0.105822
-0.164222
0.490074
-0.519514
-0.203380
0.608898
0.261169
0.300252
-0.422000
0.281696
0.175187
0.428552
-0.060488
-0.249053
0.030819
0.219995
-0.167511
-0.539000
0.493244
-0.016204
-0.371630
0.343763
0.525003
-0.467290
-0.095209
0.242763
-0.427000
-0.896793
-0.483302
-0.317759
-0.507460
-0.599724
0.693320
0.335641
-0.059740
0.436000
0.350610
-0.152528
0.299787
0.188626
0.194591
-0.006389
0.051738
0.008367
-0.854000
-0.183579
-0.508016
0.378734
0.429771
0.357752
0.083590
-0.557055
-0.557679
-0.652000
0.597753
0.841219
-0.059347
-0.098983
-0.729966
-0.336789
-0.028802
-0.492203
-0.469000
-0.337315
0.230112
0.161107
-0.354177
0.227693
0.213373
0.230757
0.708625
-0.510000
-0.000698
0.443865
-0.087645
-0.248297
0.128089
-0.221305
-0.021185
0.404881
0.186000
0.668391
-0.139680
-0.331729
0.174654
-0.063379
-0.002335
0.101147
-0.267816
0.248000
-0.600890
-0.510471
0.391697
0.244032
-0.320739
-0.059802
0.055702
0.208875
-0.038000
0.003551
-0.008560
0.335184
-0.056135
0.323910
-0.207870
0.644055
0.213368
0.831000
-0.045339
-0.182125
-0.325659
0.373991
0.214095
-0.081523
-0.926455
-0.371935
-0.597000
-0.155068
0.506373
-0.008200
-0.638257
-0.125323
0.298459
0.251897
0.062948
-0.478000
-0.137497
0.226346
-0.133291
0.062127
-0.164346
-0.028513
0.218863
-0.141500
0.728000
0.213420
-0.600106
0.035110
-0.063375
-0.375450
0.405028
-0.332715
-0.224051
0.681000
0.347532
0.022836
0.074115
0.098243
0.069233
-0.267744
-0.038901
0.467962
-0.518000
-0.244980
-0.477248
0.027581
0.010882
0.585582
0.082263
0.103091
0.070976
-0.363000
0.663077
0.573267
0.371151
0.623800
0.069043
0.087826
0.230523
-0.076767
0.057000
-0.739766
0.156501
-0.409909
-0.562989
-0.475707
-0.111038
-0.403727
-0.196827
-0.310000
0.145026
-0.005123
-0.787486
-0.383637
-0.572931
-0.072635
0.392795
0.455862
-0.380000
-0.362928
-0.180274
0.954200
0.654103
0.318097
0.634830
0.639529
-0.310528
0.652000
0.486000
-0.030092
-0.003526
-0.294130
0.213479
-0.166373
-0.759280
-0.200018
-0.553000
-0.400700
0.512972
0.452535
-0.047609
-0.202097
-0.276850
0.398585
-0.051902
0.902000
0.507168
-0.128021
-0.469616
-0.115370
0.359793
-0.195865
-0.697662
0.284595
0.838000
-0.324772
-0.091499
-0.300137
0.272493
-0.101272
0.157657
-0.023162
0.133850
0.619000
-0.079184
-0.357444
0.238237
-0.001080
-0.315573
0.407223
-0.226779
0.147148
0.897000
0.233452
0.790939
0.213919
-0.037412
0.385213
-0.326929
-0.082991
-0.521338
0.401000
0.038942
0.184253
-0.416796
0.089040
-0.008970
-0.183024
0.044838
0.377932
0.521000
-0.131824
0.303393
0.243802
-0.212280
-0.309752
-0.142618
0.581458
0.181038
0.650000
0.152013
-0.533103
0.121444
0.110244
0.508203
-0.673293
-0.604588
0.301481
0.581000
-0.356770
-0.290172
-0.353934
0.090599
-0.102598
0.524712
0.414508
-0.603761
-0.008000
0.392202
-0.294479
-0.783081
-0.184523
-0.648233
0.040295
0.036380
-0.242892
0.610000
-0.725487
0.204720
0.686583
0.408940
0.622755
0.942896
0.746055
0.519837
0.501000
0.637467
0.328524
-0.135475
-0.484742
0.061000
-0.421384
-0.899555
-0.238269
0.697000
-0.454864
0.092746
0.643357
-0.227195
0.675220
-0.150917
-0.085032
-0.196518
0.764000
0.455702
-0.331499
-0.439251
0.261474
-0.980153
0.053458
0.145347
-0.018051
-0.766000
-0.247262
-0.298164
0.140424
0.385177
0.264242
-0.113257
-0.099105
0.184513
-0.741000
0.446809
0.040294
-0.376206
-0.312333
0.122366
-0.594757
0.566290
0.482043
0.366000
-0.314336
0.553620
0.082894
-0.021742
-0.776458
0.190254
-0.393361
0.151403
-0.463000
-0.109600
-0.248514
0.382154
-0.055922
0.658596
0.216447
0.024290
-0.435271
0.426000
-0.397517
0.097006
0.278868
-0.065393
-0.453207
0.400058
0.119420
-0.841592
-0.406000
0.663936
-0.407124
-0.354526
-0.163741
0.531440
-0.707197
-0.166282
0.682655
0.101000
-0.268527
-0.061361
0.211529
0.618868
0.143962
0.275731
-0.361524
0.334707
0.354000
-0.092077
0.012552
0.284229
-0.065314
0.153560
0.547800
-0.661747
-0.600405
0.552000
-0.264962
0.221832
0.222508
-0.599699
-0.039837
-0.317798
-0.540345
0.450021
-0.961000
0.350035
0.026714
-0.556160
0.525790
-0.297648
-0.295455
1.017132
-0.080710
0.489000
0.781033
-0.262651
-0.265125
0.070541
-0.202722
-0.034215
0.214750
-0.042855
0.694000
-0.730292
-0.101855
0.483918
0.400043
0.530655
0.101258
0.421525
0.090593
-0.980000
0.008559
-0.025120
-0.171472
-0.457079
-0.256433
0.062205
-0.171769
-0.224680
-0.235000
-0.083791
0.493954
-0.246043
0.060229
-0.350889
0.144900
0.337829
0.303915
0.404000
-0.099416
-0.310212
-0.003943
-0.547589
0.605500
-0.259367
-0.347357
-0.069825
-0.456000
-0.227656
-0.321074
0.055572
0.330311
-0.399153
0.330794
0.200923
-0.114834
0.801000
-0.299889
0.049505
-0.565555
0.489801
0.051129
-0.360272
-0.447156
-0.451376
0.430000
0.637785
-0.403846
0.349909
-0.054816
-0.190187
0.914351
-0.300030
0.525590
0.396000
0.021320
0.362605
0.240852
-0.228319
0.206230
-0.461014
0.554408
0.039878
-0.634000
0.224073
0.275361
0.575118
-0.890796
0.672116
-0.416068
0.499634
0.092480
0.868000
-1.131485
0.129567
0.402920
0.644709
-0.813196
-0.181237
-0.288055
-0.200397
0.027000
0.590936
-0.238737
-0.931752
0.315670
0.201912
0.199144
0.148517
-0.116606
0.452000
0.429121
-0.373320
0.034344
0.184096
-0.485249
0.102573
-0.426535
0.032279
-0.687000
0.139798
-0.185300
0.420545
-0.313176
0.835327
-0.111878
0.156834
-0.069504
-0.800000
-0.507312
0.744752
-0.334552
0.304281
-0.373874
-0.020537
-0.184092
0.039751
0.839000
-0.532573
0.263465
-0.155419
0.105799
-0.416351
-0.120188
-0.068380
-0.167977
-0.176000
-0.281475
0.300157
0.162636
0.471493
0.531003
0.776435
0.338501
-0.377975
0.354000
1.015272
-0.533905
-0.081625
-0.436290
0.040273
-0.686471
-0.684352
0.448809
0.947000
0.239042
-0.636423
-0.445711
-0.004269
0.267637
0.136422
0.388485
0.068714
0.094000
-0.625392
0.699917
0.578541
0.103563
-0.553755
-0.628679
-0.063263
0.332602
0.770000
0.429480
-0.059278
-0.090231
-0.143383
-0.015048
0.584591
0.186786
-0.795626
0.892000
0.506860
0.334006
0.604641
0.201100
0.148312
0.004334
-0.005153
0.462560
-0.275000
-0.263004
-0.485417
-1.011309
0.112796
0.489130
0.082121
0.029106
0.157594
0.420000
-0.261525
0.100234
0.565409
-0.562048
-0.500501
-0.163851
0.089158
-0.217783
0.444000
-0.358069
-0.415642
-0.786351
0.170998
0.080539
-0.186429
-0.276114
0.188262
0.026000
0.435662
0.820884
0.785007
-0.218496
-0.551852
-0.048478
-0.156960
-0.668341
0.899000
-0.062941
-0.334063
-0.439914
0.258813
0.420449
0.323283
0.316557
0.561800
0.575000
0.094370
-0.416985
0.259812
-0.557451
0.358786
-0.249795
0.044888
0.223373
0.038000
-0.145610
0.574808
0.117767
0.829368
0.148402
0.335396
-0.286399
0.264260
0.464000
0.146991
-0.390223
-0.266694
-0.000436
-0.402052
-0.004455
0.219430
-0.291215
-0.498000
-0.264601
-0.328963
-0.225813
-0.323275
-0.079795
0.356199
0.459105
0.048027
0.243000
-0.257610
0.191216
0.447460
0.335713
-0.061921
0.172307
-0.643808
-0.493565
0.737000
0.408853
0.581702
-0.480415
-0.188858
-0.293559
-0.741110
0.398309
0.203541
0.993000
0.820431
0.195848
0.068726
0.059151
-0.193448
0.274859
0.136240
0.329001
-0.450000
-0.647450
-0.349472
-0.424633
0.513888
0.392611
0.131791
0.255723
-0.390905
0.095000
0.002508
-0.403712
0.691764
-0.449794
-0.245595
-0.043258
-0.702997
0.225382
0.077000
0.186271
0.298341
-0.845052
0.181281
0.007652
-0.070115
-0.125012
-0.122235
-0.831000
-0.343239
-0.107687
0.563219
-0.651645
-0.483636
-0.023713
0.314490
0.466593
-0.579000
0.052413
0.044611
0.091590
0.472511
0.554918
-0.001788
0.157037
-0.531741
-0.938000
0.634104
0.645436
0.426557
-0.237277
0.443953
0.339592
-0.076707
0.382508
0.177000
-0.297389
-1.058542
-0.437503
0.031291
-0.335301
0.190800
0.050125
0.011188
-0.474000
-0.286548
0.316728
-0.109973
0.292054
-0.243299
-0.261725
-0.028471
-0.152247
-0.287000
0.470748
-0.299930
0.076724
-0.215479
-0.017501
-0.368077
-0.270062
-0.424253
0.724000
-0.735844
0.767266
0.141512
-0.821610
-0.003288
0.154936
0.537729
-0.166212
0.295000
0.055633
-0.299591
-0.381233
0.938651
0.347096
-0.276364
-0.386153
0.664897
0.938000
0.327377
-0.179167
-0.356529
0.158523
-0.196366
-0.637071
0.207697
-0.294537
-0.825000
-0.368851
0.230891
-0.119042
-0.494889
0.225102
0.229734
-0.040887
0.604799
-0.958000
0.236092
0.069963
0.415873
0.933212
-0.192704
0.360692
-0.100943
-0.535753
-0.299000
-0.094021
0.127466
0.674952
0.028494
-0.129712
0.523991
-0.629527
0.038439
-0.254000
-0.071911
-0.694702
-0.848044
-0.339016
-0.242082
-0.489083
0.922464
0.324780
0.212000
0.073924
0.384298
0.246938
-0.088254
0.338508
0.055362
-0.305012
-0.278721
-0.542000
-0.337259
0.143248
-0.263491
0.360951
-0.620518
-0.246511
-0.470462
0.676534
-0.123000
0.690881
0.737322
-0.178580
-0.173512
0.490975
0.003194
-0.035184
-0.975253
-0.780000
-0.344262
-0.740852
0.170315
-0.401353
-0.071042
0.035945
0.765737
0.258872
-0.624000
-0.200672
0.321963
0.238674
-0.094325
-0.175020
0.636484
-0.328015
-0.148362
-0.452000
0.258432
-0.930513
0.370805
0.285739
0.444309
-0.474552
0.790051
0.008418
-0.978000
0.053942
0.180603
-0.103397
-0.188930
0.202322
0.420812
-0.798142
-0.032596
-0.241000
-0.300459
-0.065958
-0.277837
-0.220739
0.300636
-0.584472
-0.240471
0.031733
-0.521000
-0.008705
0.048074
-0.157372
-0.086954
-0.150452
-0.151226
0.236153
0.196646
-0.716000
0.159119
0.353978
-0.079245
0.280556
-0.164301
0.204995
0.319251
0.101549
0.367000
0.061039
-0.900158
0.373287
0.134276
-0.503750
-0.144919
0.694446
-0.067019
0.712000
0.335341
0.257363
-0.095525
0.699587
0.327723
0.893541
-0.664738
0.327597
-0.401000
-0.186084
0.150997
-0.095612
-0.824020
-0.079957
-0.516932
-0.226486
-0.288003
0.622000
0.346886
0.094757
0.175485
-0.290054
0.414845
0.227399
-0.347811
-0.432123
0.935000
-0.642684
-0.107280
-0.289485
0.101960
-0.088758
-0.790503
0.858410
-0.057118
0.717000
0.185217
0.310267
-0.085104
0.124766
0.053263
0.423348
-0.356322
0.227455
-0.527000
-0.083576
0.199240
-0.005025
0.072437
0.247823
0.313805
0.086981
0.080134
0.069000
-0.051085
0.176064
-0.483096
0.436967
-0.289080
-0.522002
0.097928
0.700603
0.730000
0.152632
-0.027539
0.707369
-0.172689
-0.363144
0.330275
0.072718
-0.826705
-0.198000
0.184502
-0.196215
0.064317
-0.319745
-0.301901
-0.570814
0.130177
-0.376781
0.400000
-0.255452
0.177373
-0.145871
-0.153548
0.659788
0.609166
-0.712113
0.120386
0.997000
-0.202060
-0.215715
-0.084688
-0.122374
-0.248068
-0.028380
0.189419
0.642666
0.310000
0.097988
0.577410
-0.112395
-0.070762
-0.323211
0.298068
0.013329
0.361984
0.143000
0.280644
-0.242454
0.767851
0.686815
0.112546
-0.206628
-0.165370
-0.812236
0.124000
-0.191238
-0.210728
-0.418669
-0.218867
0.203346
-0.359340
0.494767
0.229311
0.419000
-0.058261
-0.202549
0.510633
-0.251574
0.091711
0.021924
-0.136227
-0.060029
0.330000
-0.281388
-0.059828
0.011704
-0.094114
0.331453
-0.055742
-0.119729
0.401367
-0.296000
0.309604
0.161214
-0.235076
0.496806
-0.279325
0.179395
-0.080626
-0.433282
-0.170000
-0.100203
-0.145799
-0.750537
-0.046354
-0.494029
-0.490585
0.602683
-0.180618
0.917000
0.502135
-0.368780
-0.068286
0.558125
0.176122
-0.468683
0.255902
-0.161898
-0.878000
-0.492204
0.870189
0.378882
-0.622880
-0.076038
0.627311
-0.398474
0.796696
0.582000
0.558234
0.125295
-0.533820
-0.067959
-0.373705
0.522787
-0.211285
0.257829
-0.923000
-0.213914
-0.095709
0.581005
-0.300381
0.037563
0.731331
-0.330270
-0.671119
0.769000
-0.311016
-0.417534
0.337228
0.426543
0.314843
-0.739672
0.102399
-0.117220
-0.995000
-0.101861
0.078258
-0.274941
0.357032
0.595550
-0.151975
-0.414207
-0.393311
0.757000
-0.702463
0.548269
-0.098371
-0.721631
0.326964
-0.622234
0.647561
0.052865
-0.213000
0.797442
-0.128036
0.054276
0.417770
-0.631303
0.662503
0.042906
0.382958
-0.050000
-0.055618
0.063411
-0.298518
0.244024
-0.419300
0.081934
-0.341742
0.554663
-0.404000
0.202445
-0.274618
0.673156
-0.469332
0.475838
0.052763
0.201980
-0.719034
-0.407000
-0.248263
-0.109790
-0.097904
0.046519
-0.487761
-0.087870
0.422103
0.551658
-0.591000
0.103789
-0.660549
0.423991
0.372382
0.083596
0.123756
-0.317049
0.440724
-0.070000
-0.383406
0.548077
-0.580878
-0.391907
0.717273
0.081377
0.401308
0.086287
-0.044000
0.421150
-0.105941
-0.489524
-0.442004
-0.331985
-0.120695
-0.402144
-0.517345
-0.424000
-0.140081
0.819437
0.511140
-0.081681
-0.087492
0.553689
0.181817
-0.074785
0.226000
0.716714
-0.583268
0.018679
0.677948
-0.311449
-0.517148
-0.140374
-0.498972
0.691000
-0.764419
-0.100150
0.238992
-0.135385
0.345208
-0.277644
0.415263
0.261360
-0.023000
0.257959
-0.696722
-0.677431
0.131430
0.548579
-0.073028
0.687808
0.300567
-0.006000
-0.902575
0.312208
-0.216966
-0.334014
0.169285
0.394160
-0.568932
0.122811
0.925000
0.708489
0.545326
0.577734
-0.023984
-0.755400
-0.262656
-0.442291
-0.231357
0.708000
-0.259536
0.430991
0.169532
1.035962
-0.249375
0.445706
-0.225229
0.071668
0.400000
0.243515
0.254618
-0.353724
-0.624277
0.501270
-0.370137
0.078419
-0.388204
-0.916000
0.037292
-0.280613
0.022845
-0.550531
-0.428028
-0.163552
0.115011
0.119966
-0.377000
0.143761
-0.501883
0.318065
-0.284073
0.137841
0.404433
-0.041677
0.075351
0.012000
-0.244638
-0.088591
-0.692798
-0.277279
0.582733
-0.738930
-0.177094
0.327705
0.963000
0.291241
-0.231936
0.718124
0.721493
-0.202540
0.392584
0.151033
-0.470638
0.848000
0.175514
0.208767
-0.005495
0.325123
-0.106519
0.152307
0.498703
-0.254551
0.588000
0.063909
0.137006
0.638515
0.219760
0.455613
0.150741
-0.235770
0.558025
0.237000
-0.389807
0.363562
-0.853712
-0.601282
-0.603547
-0.548613
-0.254262
0.038081
-0.593000
0.440359
0.209258
-0.455842
-0.842157
0.279217
-0.491842
0.209367
0.409572
0.969000
-0.277705
-0.338854
0.461339
0.739914
-0.237242
0.639099
-0.805811
0.342885
-0.092000
-0.192866
-0.374990
0.065499
-0.057760
-0.098336
-0.060419
0.699276
-0.733692
-0.918000
-0.044611
0.300865
0.271525
0.463116
-0.686046
-0.558908
-0.408916
-0.591589
0.748000
0.324831
-0.409647
-0.287481
-0.311324
0.264739
0.408738
0.235493
-0.274384
-0.463000
-0.251718
0.312596
-0.298623
0.274604
0.689658
0.217773
-0.214811
0.690126
0.065000
-0.714298
0.348455
-0.210425
0.346069
-0.280989
0.223232
0.542498
0.194113
0.662000
0.289093
-0.463967
0.265039
-0.482773
0.048629
-0.183674
0.330670
-0.411665
-0.717000
0.220870
0.371085
0.362851
-0.046915
-0.116893
-0.260203
-0.458818
0.216939
0.578000
-0.244697
-0.551855
-0.232885
0.290454
0.354527
0.078391
-0.157924
-0.482216
0.660000
0.333795
0.291487
-0.370036
-0.256351
-0.470879
0.083572
-0.661918
0.296743
-0.212000
0.218549
0.120907
0.274608
-0.099819
0.056215
0.471703
0.567530
0.298655
0.870000
0.214795
0.257854
0.391958
-0.227086
0.066764
-0.136269
-0.273826
-0.117407
-0.118000
-0.124181
0.028331
-0.429604
-0.515681
0.163392
-0.323134
0.738051
0.256987
0.041000
-0.250706
-0.221676
0.117284
0.812770
-0.150840
0.177442
-0.401289
-0.249097