4
192;16;16;8
-0.078000
-0.457076
-0.400885
0.628728
-0.308083
-0.938798
-0.871487
-0.414538
-0.908094
-0.848026
-0.428550
-0.336039
0.276515
-0.492220
0.136486
-0.720001
-0.652386
0.857000
0.062328
-0.979963
-0.523962
0.475473
-0.682686
-0.435826
-0.834800
-0.027718
0.306704
-0.889083
-0.441631
-0.117485
-0.017808
0.949913
0.309147
0.208982
-0.227000
-0.437207
0.136098
-0.159347
0.564341
-0.925088
-0.389826
0.384969
-0.763279
0.380394
0.287005
0.639228
-0.552372
0.459253
-0.126006
-0.558647
0.039304
0.003000
-0.014286
0.494162
0.333416
-0.130874
0.505205
-0.594288
0.707994
0.645120
-0.067717
0.888241
0.198866
-0.361259
0.819766
0.012780
0.784883
-0.293968
-0.427000
0.069291
0.806093
-0.765486
-0.522434
0.556809
-0.159932
0.525845
-0.171684
0.970828
-0.332078
-0.331591
-0.781732
-0.453470
-0.324457
-0.834308
0.754603
-0.567000
-0.692361
0.742189
0.927911
-0.162401
-0.490770
-0.938499
0.885157
-0.494321
0.061640
-0.799761
0.739684
-0.307523
-0.395943
-0.500913
0.734999
0.618312
-0.153000
0.061564
-0.577748
0.918377
0.794099
0.239628
0.702622
-0.283166
0.049182
0.293764
-0.926541
0.549370
-0.304216
0.105867
-0.329094
0.383650
-0.344393
-0.240000
0.125578
-0.713929
-0.875371
0.277827
0.721832
-0.099023
0.089334
-0.904855
0.407476
-0.323358
0.500624
-0.741393
-0.990134
-0.632626
0.116950
-0.682444
-0.343000
0.731313
0.271171
-0.049659
0.629019
0.632458
-0.665429
0.380451
0.434215
0.138456
-0.054200
0.468701
-0.927604
0.989311
0.522063
-0.600485
0.844339
0.739000
0.471682
0.348203
0.709459
-0.916372
-0.868474
0.501995
-0.051424
-0.552004
0.673892
0.994902
0.498199
-0.670634
-0.946140
-0.599787
0.534152
-0.077093
0.762000
0.915165
0.372154
-0.991175
0.773515
0.709603
-0.784170
0.262970
0.615369
-0.548073
0.635711
-0.580498
0.858735
0.088412
0.782726
-0.903029
0.170456
-0.905000
-0.803800
0.749259
-0.935730
0.372307
0.559798
-0.750367
0.218821
-0.801693
-0.359322
-0.382494
0.927973
-0.199808
0.331005
0.391985
-0.948608
-0.502132
0.646000
0.832248
0.816325
-0.657387
0.635684
0.396736
-0.368315
0.245788
-0.543231
-0.350033
0.309544
-0.929895
0.801730
0.668569
0.190285
0.371906
-0.180157
-0.297000
0.489913
-0.822893
-0.029373
0.819284
0.021330
-0.801734
-0.686187
-0.334746
0.404481
-0.254939
-0.804885
0.514775
-0.919839
0.874333
-0.207483
-0.015208
0.500000
-0.206480
-0.413821
-0.497367
0.240191
-0.991015
0.239309
0.652958
-1.008350
0.068383
-0.671320
-0.897918
0.590154
0.546333
-0.556873
0.965933
0.747714
-0.680000
0.700093
0.695220
-0.383928
0.574099
-0.479519
-0.452505
-0.296310
-0.195560
-0.098789
0.190831
0.210536
-0.690847
0.179053
0.455173
-0.654498
0.965934
-0.826000
0.338723
0.632976
0.705800
0.044931
0.445464
-0.268705
0.722578
0.046860
-0.678648
0.432932
-0.639943
0.729640
-0.132156
0.709868
0.630301
-0.911952
-0.616000
-0.340408
0.106061
-0.522481
-0.902628
-0.654154
0.262980
-0.814798
-0.247752
0.050603
-0.833197
-0.959524
0.303093
-0.536988
0.858701
0.221590
0.737129
0.798000
0.844344
0.230080
0.159084
-0.827624
0.784491
0.587901
-0.840394
-0.728504
0.447035
0.997831
0.903682
-0.869606
0.398416
-0.749488
0.392979
0.913810
0.558000
-0.351333
-0.986997
0.786223
0.255366
0.064540
0.546322
-0.319806
-0.809030
0.721359
0.343430
0.970957
-0.755089
-0.070531
0.849607
-0.623039
-0.688241
-0.278000
0.594280
0.084097
0.591975
0.478391
0.780807
-0.025078
0.258436
0.928860
0.510129
0.839378
-0.996686
-0.243230
0.740697
-0.951805
0.009102
0.942175
-0.058000
-0.151899
0.970125
0.277850
0.285759
-0.962284
0.074459
0.554871
0.236799
-0.485319
-0.749370
0.216725
-0.754396
0.767800
0.622498
-0.535596
-0.799464
-0.234000
-0.348083
-0.856065
-0.272454
-0.151475
0.641743
-0.850221
-0.319300
0.711842
0.800381
-0.008565
0.506251
-0.389216
-0.282465
0.930748
0.607052
0.206220
0.264000
0.237527
-0.196930
-0.814779
-0.849022
-0.891635
0.539248
-0.283193
0.810605
-0.920168
0.431477
-0.090936
0.615920
0.008697
1.002231
0.077229
0.868724
0.445000
0.281609
0.970136
0.349533
-0.501822
-0.445875
-0.022467
-0.545470
0.213767
-0.516666
-0.579094
0.925398
-0.005655
-0.788178
-0.512770
-0.281456
0.857420
0.938000
-0.236202
-0.846003
-0.075665
-0.261524
-0.431199
-0.708011
0.331083
0.018377
0.418488
-0.136604
-0.612400
-0.415338
-0.958584
0.574221
0.175382
0.108286
0.618000
0.912613
-0.999945
-0.620295
-0.252796
-0.048370
-0.395156
0.238111
-0.137285
0.211345
-0.189102
0.923641
-0.116125
-0.301506
0.601077
-0.546978
0.847365
0.563000
0.604632
-0.490868
-0.062212
0.692380
0.220634
0.494298
-0.334519
0.256226
-0.597643
-0.018390
-0.290807
0.011045
0.544746
0.788441
0.921971
0.783051
-0.945000
-0.778695
-0.360965
-0.255557
-0.048270
0.396430
-0.996385
0.113370
-0.357219
0.121716
0.792913
0.380228
-0.462864
-0.519332
-0.250397
-0.419046
0.087244
0.329000
0.639088
-0.388860
0.069982
-1.046564
0.250125
-0.193896
0.449535
0.360404
-0.134087
-0.854114
0.303940
-0.835970
0.719104
0.289833
0.907725
-0.464844
0.454000
0.369998
-0.912778
-0.584092
0.089724
-0.323936
-0.417835
-0.725881
-0.797795
-0.794741
0.445484
0.826186
-0.712568
-0.192703
-0.347431
-0.265315
0.099290
0.651000
-0.626829
0.271009
-0.237549
0.671159
-0.003630
0.602983
-0.302252
-0.332796
0.569773
-0.528095
-0.427816
-0.650237
0.152785
-0.707141
0.344807
0.443295
0.835000
0.524609
-0.482867
-0.123800
-0.046553
-0.625156
0.170683
0.100392
0.892245
0.254223
-0.227721
0.567231
0.838186
-0.439752
-0.507935
0.921746
0.773285
-0.580000
-0.550234
0.774179
-0.006580
0.804634
0.095793
0.615150
-0.322180
-0.049918
0.137923
0.974152
-0.302900
0.467189
0.562323
0.927873
-0.728265
-0.364914
0.677000
0.192581
-0.221948
0.287586
0.222984
0.088436
0.641115
-0.558017
-0.343013
-0.383927
-0.383773
-0.951522
0.843546
-0.510769
-0.772637
-0.878396
0.370176
0.699000
-0.160742
-0.220793
0.000936
0.771041
0.213268
-0.945378
1.025141
-0.458361
-0.387576
-0.004176
0.125646
0.202841
-0.721721
-0.748480
0.060452
-0.292766
-0.623000
0.143204
0.765261
0.232787
0.271970
0.864964
0.076871
-0.028288
-0.220238
0.379318
-0.754634
0.251674
0.348389
-0.952370
-0.362389
-0.706726
0.225691
0.369000
-0.800442
0.374130
-0.465913
0.308062
0.281560
-0.092457
0.548925
-0.653441
0.174560
1.028740
0.833129
0.562666
-0.129183
0.292136
0.089062
0.577138
0.641000
-0.838039
-0.979740
0.695552
0.506028
-0.964868
0.134541
0.041816
-0.221643
-0.674467
0.921248
-0.813216
-0.456806
-0.605893
0.129275
-0.238127
-0.076077
0.257000
-0.462332
-0.703704
-0.866873
-0.723395
-0.215340
-0.793069
0.140649
0.093573
-1.004365
0.434203
0.107723
-0.749540
-0.347766
-0.589299
0.584628
-0.010476
-0.874000
-0.469950
-0.894007
0.638327
0.336042
-0.336726
-0.550917
0.645179
-0.645543
-0.939515
0.849913
0.100001
-0.715416
-0.500340
-0.773183
-0.481422
-0.867626
-0.009000
-0.909067
0.312088
-0.134392
0.048150
0.234010
-0.345558
0.646013
-0.572957
0.200142
-0.145738
-0.846924
-0.072874
-0.380873
0.999232
-0.091006
-0.957398
0.633000
0.534634
-0.618896
-0.862408
-0.466503
-0.906733
-0.130502
-0.144985
0.251051
-0.800486
-0.659309
0.684610
-0.699022
-0.283494
0.719017
0.492281
-0.878534
0.737000
0.925321
0.839999
0.632951
-0.832178
0.492234
-0.322289
0.150480
-0.022656
-0.068966
-0.802693
-0.579108
0.629158
-0.406205
0.465118
0.049856
0.840744
-0.173000
-0.479640
-0.218904
0.026643
0.343221
-0.770949
0.761967
0.715164
0.431911
-0.253317
-0.088744
0.029338
-0.632068
-0.638959
0.745168
-0.116743
0.597591
0.634000
0.047394
-0.969872
-0.664878
0.490973
-0.771629
0.186762
-0.445047
-0.291821
-0.429758
-0.273210
-0.911919
-0.163066
0.355395
-0.489304
0.679620
-0.508415
-0.885000
0.539013
0.620873
0.562495
-0.137794
-0.267127
0.161039
0.858658
-0.602124
-0.500931
-0.153978
-0.371123
0.848665
-0.529755
0.600265
-0.540129
0.787404
-0.477000
0.938011
0.420037
-0.841775
-0.354045
-0.392830
0.904368
-0.488044
-0.392342
0.041962
0.192165
-0.437508
0.958294
-0.475014
0.944804
0.643349
-0.193120
0.940000
0.491274
-0.486888
0.266747
-0.387847
0.830038
-0.972093
-0.061315
0.355882
0.843295
-0.235021
0.854850
-0.953217
-0.810850
-0.724732
0.980880
-0.037464
-0.242000
-0.736252
0.108013
-0.817846
-0.272078
-0.469120
0.682557
0.536016
0.135649
-0.509134
0.023386
-0.145493
-0.279342
0.170929
0.055577
-0.732470
0.247282
-0.674000
-0.249255
0.226027
-1.005555
-1.012532
0.736020
-0.921184
-0.416751
-0.790114
-0.362937
0.563821
-0.295097
0.801705
0.978292
-0.370506
-0.796829
0.034135
-0.207000
0.179201
-0.413922
-0.749345
-0.296246
-0.134935
0.028149
0.743628
0.636408
0.979478
-0.294700
0.005772
-0.942041
-0.890769
0.739942
0.205889
0.635878
0.112000
0.551951
-0.922960
0.522311
-0.591900
0.054891
-0.031016
-0.502705
0.305416
0.316959
0.541487
0.921797
-0.390507
-0.175989
0.600431
-0.229279
-0.756888
-0.176000
-0.515277
-0.365903
0.416605
-1.028457
-0.914758
-0.243385
0.242026
0.213520
-0.592134
0.353454
0.091495
0.616144
-0.137774
0.367234
-0.980529
-0.096751
0.196000
0.840268
-0.522842
-0.648923
-0.287915
0.398843
0.805006
0.718539
-0.325417
-0.780256
-0.528819
0.354523
0.443435
-0.685208
-0.946526
-0.353601
0.251019
0.687000
0.652351
0.824981
0.175883
0.058383
-0.755446
-0.309917
1.018440
0.670645
0.334658
-0.391098
-0.359527
-0.385965
-0.515548
0.479592
-0.138862
0.798843
-0.196000
-0.044934
0.945135
-0.381739
-0.440906
-0.841328
0.903046
-0.539075
-0.073172
-0.337403
-0.423508
-0.874569
-0.061447
0.553494
-0.190895
0.698737
-0.246372
-0.323000
0.391010
0.864207
-0.656176
0.333047
0.827457
0.649071
0.765578
-0.215231
-0.092217
0.741927
-0.970938
0.576283
-0.834419
0.073624
-0.887520
-0.632584
-0.875000
0.642044
-0.102946
-0.447268
-0.299846
-0.361217
-0.359273
0.411963
0.423021
0.374500
-0.084747
-0.068463
-0.472317
-0.368096
-0.506849
0.850333
-0.967142
0.521000
0.373487
-0.971749
-0.612192
-0.353074
-0.594455
0.333404
0.088073
0.610414
-0.628455
0.412792
-0.236570
0.319483
-0.675577
-0.262907
-0.937060
0.885656
-0.997000
0.810533
-0.307685
-0.280712
0.479582
0.399880
0.757771
-0.404173
0.220912
0.027534
-0.894654
0.109125
0.612664
-0.081035
0.876793
0.328616
0.315179
-0.163000
-0.149899
0.055165
-0.898229
-0.497915
0.827327
-0.996073
0.097651
-0.668286
-0.817951
0.145909
0.857563
-0.788695
0.658488
-0.125795
0.121715
0.384544
0.164000
-0.387074
-0.010613
-0.708125
-0.822312
0.330394
-0.604528
-0.000521
0.806180
-0.297508
-0.857682
0.644675
-0.179116
0.002853
0.457281
-0.653834
0.929376
0.491000
0.393764
0.779441
-0.349359
-1.009739
-0.425699
0.127124
0.856438
-0.563891
0.287390
-0.577122
0.426439
0.177640
0.025188
0.255616
0.514465
-0.566699
0.642000
0.258364
0.150029
-0.374822
0.319842
0.739047
-0.079804
-0.086911
-0.304339
0.728562
0.928343
-0.069459
0.733778
0.124286
0.176103
0.842439
-0.440750
-0.617000
0.133539
-0.623810
-0.803849
-0.673364
-0.786185
-0.341714
0.078647
0.567852
0.149272
-0.363622
-0.914884
0.542444
0.124767
0.077053
0.197320
-0.379166
0.259000
0.222430
-0.253759
-0.559905
-0.944781
0.703931
-0.889033
-0.720134
-0.540373
0.005944
0.732713
-0.610047
-0.344502
0.026823
-0.192875
0.140103
0.038713
-0.761000
0.763753
0.291059
0.369699
0.460089
0.283079
-0.848382
-0.309576
-0.260479
0.316648
-0.151762
-0.468873
0.533893
-0.119448
0.104771
-0.489671
0.269029
-0.223000
-0.021648
-0.156871
-0.238937
-0.941688
-0.568086
-0.583176
0.366269
0.557264
0.923100
0.129596
-0.171489
0.146044
0.671058
-0.417306
-0.540555
-0.817058
0.275000
0.744527
-0.514813
-0.971463
-0.261434
0.039506
0.003309
-0.005148
-0.591094
0.259959
0.489608
0.858771
-0.032062
0.480620
0.164344
-0.483415
0.306998
-0.548000
0.894038
0.381983
0.857810
-0.990127
-0.488673
-0.271353
0.006272
-0.684991
0.968365
0.670877
-0.710955
0.655741
0.450404
0.187095
-0.795764
-0.673650
-0.356000
0.377986
-0.018950
0.575007
0.292657
0.915295
0.936877
-0.145751
-0.633351
-0.472855
0.306109
-0.766826
-0.780047
-0.835626
0.664989
0.937356
-0.839429
0.028000
-0.862755
-0.811894
0.938750
-0.341195
-0.464898
-0.885675
-0.121390
0.056748
0.534500
-0.134740
-1.004156
0.106806
-0.728115
-0.550161
-0.036477
0.935137
0.407000
0.799191
-0.519958
0.410859
-0.132612
-0.475444
-0.962133
0.408389
0.633969
0.482023
-0.405787
-0.832059
0.891961
-0.283200
-0.491805
-0.462531
0.707916
0.565000
0.601433
-0.193985
-0.342016
-1.023440
-0.701035
0.733707
1.023480
-0.868275
-0.964454
0.693390
0.674890
-0.440228
-0.169766
-0.405079
-0.975485
-0.627514
0.254000
-0.948781
-0.733970
0.420167
-0.637318
0.757822
0.613930
0.351151
0.830062
0.289314
0.631916
-0.772827
-1.007364
-0.529425
-0.275389
-0.108428
-0.443286
-0.057000
-0.837393
0.732064
-0.342407
0.922909
0.528579
-0.555897
-0.572098
0.277819
0.135022
0.680534
0.632889
0.701213
0.646506
-0.438466
0.393777
-0.800084
-0.132000
-0.101082
0.047082
-0.417846
0.147794
0.635848
-0.876142
-0.776554
-0.160884
0.979091
-0.913035
-1.014546
-0.694439
-0.633965
-0.697614
-0.916946
-0.663956
-0.074000
-0.920655
-0.793898
0.932469
0.928298
-0.450079
-0.493275
0.885045
0.579421
0.436339
0.491729
-0.173083
-0.859054
0.651045
0.765789
-0.949472
0.865510
-0.654000
0.446769
0.558913
0.657997
0.534209
0.187704
0.082097
0.004689
-0.790816
0.076930
0.230811
-0.733767
0.288389
-0.460267
0.192571
-0.836855
-0.206187
0.218000
0.694206
0.238071
-1.028853
-0.676006
-0.136815
0.238371
0.475006
0.419285
0.081956
-0.442574
0.542264
-0.222860
-0.938005
-0.506606
-0.364708
-0.920075
0.533000
-0.114699
-0.992812
0.232717
-0.978230
0.844662
0.102281
0.625022
-0.594408
0.831006
-0.320169
0.853701
-0.419283
-0.150556
0.592439
-0.753249
-0.517529
0.865000
-0.015622
-0.784974
0.269929
0.265335
-0.966825
0.138616
-0.335636
-0.011646
-0.983539
-0.542499
0.574886
-0.572360
0.554180
0.904162
0.854334
0.203865
-0.229000
-0.944721
0.212227
-0.120409
-0.873291
-0.351791
-0.332896
-0.476629
-0.431505
0.055052
-0.032723
-0.226248
0.834071
-0.080236
0.024609
0.903707
0.146328
0.810000
-0.477124
0.741332
0.161993
0.252491
0.110712
-0.229399
0.817165
0.533069
-0.128334
0.485459
0.235690
0.019048
0.662372
-0.186625
-0.094367
0.307994
-0.766000
-0.314246
0.032041
0.244651
-1.053227
-0.223429
0.564088
0.328896
-0.821370
-0.602351
0.910882
-0.347217
0.652879
-0.837635
-0.278511
-0.055121
-0.616132
-0.008000
0.479697
0.607321
-0.611304
-0.164697
-0.146660
-0.926439
0.832669
-0.757786
-0.422150
-0.119065
-0.489102
0.594922
0.604039
-0.561229
-0.681787
0.637606
-0.441000
0.590913
-0.042579
-0.054682
-0.010486
-0.625210
0.658499
-0.392050
0.137352
-0.726389
-0.473516
0.397545
-0.381788
0.304434
-0.767241
0.059814
0.459552
0.427000
0.942703
-0.929001
0.280671
0.755922
-0.475537
-0.220600
0.236003
-0.701064
0.684753
0.069387
-0.863477
-0.520650
-0.105195
0.239028
0.703780
-0.656392
-0.753000
0.701219
-0.963794
0.403591
-0.934232
-0.770570
-0.541356
-0.606103
0.490163
0.625514
-0.465913
-0.326323
-0.915125
-0.760379
-0.001055
0.002391
-0.935638
-0.213000
0.066657
0.370283
-0.498095
0.202718
0.255980
0.273940
-0.609446
-0.205351
-0.628237
0.948719
-0.402344
0.861545
-0.914617
-0.043044
-0.322645
-0.071768
0.663000
-0.884448
-0.381939
0.391079
0.119878
0.513901
-0.517570
0.613886
0.723787
0.786046
-0.003629
0.267393
-0.735661
-0.231155
0.011466
-0.806138
1.018766
0.801000
0.932725
-0.107883
-0.320752
-0.725771
0.838502
0.711733
-0.687743
-0.576724
0.900913
0.223380
-0.732229
-0.577846
0.595150
-0.251788
0.349399
0.086448
-0.140000
-0.850228
0.289153
0.239288
0.900531
-0.979302
0.939268
-0.485428
0.094960
-0.364574
0.111788
-0.576071
0.930845
-0.743029
-0.154160
-0.359587
-0.827548
-0.922000
-0.366662
-0.154911
0.024214
-0.033557
-0.216875
0.816008
0.762391
0.360451
-0.660485
0.507773
-0.681377
0.704486
0.212866
0.837479
-0.410413
-0.372096
0.202000
0.929679
-0.956934
0.549063
-0.254068
-0.470691
-0.041529
-0.542328
0.618482
0.815971
-0.535958
-0.704478
0.145151
-0.800947
-0.180182
0.905167
-0.811799
-0.024000
0.664483
0.726049
-0.180508
-0.830557
0.158945
0.733148
-0.888265
-0.973602
0.257776
0.284793
0.564598
-0.491710
-0.647052
0.155453
-0.781816
0.709952
0.333000
-0.732002
-0.202976
0.849893
-0.557725
-0.370618
-0.212719
0.192344
-0.667175
0.445971
0.039497
-0.791532
-0.331720
-0.838820
-0.571041
-0.441771
-0.271019
0.641000
0.797957
-0.456987
-0.372992
0.733072
0.550739
-0.461560
-0.019076
-0.367703
-0.603148
0.413473
0.455375
-0.006177
0.880085
0.192331
0.317324
-0.371657
0.135000
-0.677957
-0.982964
-0.443343
-0.860369
-0.661072
-0.731719
-0.730318
0.161182
-0.087738
0.991585
0.658934
-0.956422
-0.355336
-0.750292
0.818496
0.600718
0.279000
-0.382066
-0.489055
0.559479
0.822511
0.946827
0.411735
-0.379682
0.967016
0.537412
0.986523
0.789365
0.202451
0.650724
0.077609
-0.267995
0.859519
0.500000
0.681614
-0.817011
0.715739
-0.380287
-0.638290
-0.706210
0.505512
0.752334
-0.645387
-0.919392
-0.721001
-0.736501
-0.582235
-0.294451
0.204174
0.918109
0.405000
0.254080
-0.167942
0.620687
-0.962925
-0.369274
-0.157674
0.025683
0.882708
-0.951216
1.012022
-0.681121
0.110843
0.671362
0.666922
-0.013493
0.967551
0.417000
0.044406
-0.015089
-0.275441
-0.493809
-0.903008
-0.412077
-0.811274
0.648503
0.189186
-0.120432
-0.837363
0.688837
0.753169
-0.730454
0.236758
-0.656525
0.309000
0.386752
-0.264969
0.126671
0.794167
-0.270452
-0.925366
1.026019
0.504753
-0.955181
-0.506886
-0.244502
0.209275
0.123756
-0.174540
-0.925103
0.689295
-0.448000
-0.978093
-0.475842
0.043230
0.824208
0.151215
-0.880857
-0.589756
-0.646502
-0.309273
-0.154284
-0.711459
0.189626
-0.699579
-0.422028
0.691195
0.223598
-0.995000
0.086985
-0.555965
0.837405
0.838686
0.934584
-0.586530
-0.082872
0.965861
0.011273
0.697665
-0.073910
-0.379983
0.847431
0.594055
-0.698173
0.118595
0.480000
-0.284932
0.140216
0.051472
-0.518965
-0.628307
0.962028
0.470148
-0.617656
-0.249718
-0.419958
0.503524
0.811617
-0.170717
-0.900916
0.501972
-0.691942
-0.030000
-0.773138
-0.563680
0.116524
0.424922
0.647897
0.372700
0.546937
-0.221262
-0.767845
0.789411
0.720173
0.697654
0.893553
-0.742883
-0.988476
0.810650
-0.225000
-0.335979
-0.033953
0.151601
-0.104646
-0.442291
0.056647
0.113219
-0.144046
-0.184180
0.438810
-0.735395
0.553747
0.821459
0.407980
-0.743421
0.567820
-0.308000
0.714795
-0.979722
0.144651
0.747797
0.679028
0.211623
0.594265
0.212698
0.372448
0.975385
0.469678
-0.734641
-0.246399
0.610435
-0.197160
0.455478
-0.421000
0.561233
0.374370
-0.368445
0.490921
-0.868588
0.337477
0.421054
-0.495602
-0.535339
0.826914
0.092076
0.630095
-0.217123
0.226306
0.463553
0.553392
0.528000
-0.332704
0.617937
-0.780482
0.703007
0.649028
0.477346
0.553273
0.439707
-0.037304
-0.068889
-0.952829
0.388492
-0.721148
0.192486
0.349291
0.819928
0.330000
-0.343884
0.174173
0.472146
0.532146
0.110095
0.330155
-0.189725
0.922517
-0.570859
-0.706765
-0.721245
0.863693
-0.385264
0.076572
-0.775906
-0.651769
-0.859000
0.926122
0.855260
-0.939929
-0.823388
-0.265718
-0.612599
0.744448
0.872338
-0.997800
0.882777
-0.035453
0.151623
0.547687
-0.308702
0.730600
-0.015514
-0.314000
-0.566828
0.249969
-0.213598
-0.053032
0.908785
0.333874
0.872348
-0.962830
0.232338
0.727913
0.011716
0.850406
-0.852928
0.980659
-0.500953
0.694198
0.816000
-0.065903
-0.817943
-0.641550
-0.365868
0.924591
-0.469195
0.394976
-0.176243
0.058100
-0.622691
-0.593940
-0.269099
-0.878352
0.211778
-0.526259
0.868334
-0.029000
-0.871898
0.546121
-0.376815
-0.916796
0.855213
0.767699
0.684530
-0.368122
0.217854
-0.095398
-0.663806
0.133016
-0.194470
-0.488608
0.933364
0.789563
-0.388000
0.085143
-0.154991
0.068202
-0.814844
-0.209276
0.268278
-0.100728
0.273746
0.327133
0.635488
0.292929
0.122119
0.087674
-0.499796
-0.492770
-0.159744
0.999000
0.177616
0.736017
-0.975182
-0.799762
-0.512200
-0.117279
0.435706
0.514591
-0.206238
0.171188
-0.850130
-0.071740
0.524758
-0.590276
0.001990
-0.526489
-0.828000
-0.800217
0.856061
-0.193707
0.092315
0.269256
-0.824413
0.383617
0.015081
-0.783482
-0.764260
0.112325
-0.185213
0.281276
0.781741
-0.969676
0.041759
-0.532000
-0.863534
0.209198
-0.118068
-0.308984
-0.075131
0.970502
0.651929
0.579108
0.788030
-0.189184
-0.104112
0.329383
0.133951
0.135598
0.675460
-0.409163
-0.422000
0.055184
0.853168
-0.026694
0.530249
0.757867
0.580673
0.114400
0.856406
0.931197
-0.363370
0.841058
0.413382
-0.837618
-0.526673
-0.449655
-0.529721
0.077000
0.679906
-0.524910
0.372380
0.539834
-0.452984
-0.568896
-0.018979
0.033939
-0.359515
0.897307
-0.473147
-0.122383
0.764454
0.662790
-0.917630
-0.858037
0.316000
-0.136424
0.195080
-0.083383
0.645283
0.160720
-0.657473
-0.763127
-0.075962
0.331502
0.188711
0.843818
-0.483570
0.500942
0.862761
-0.241035
0.796976
-0.473000
-0.142608
0.042080
0.863744
0.779290
-0.294061
0.562737
-0.059117
0.548558
-0.108833
-0.567037
-0.572680
-0.719078
0.089692
0.381204
0.922055
0.507707
0.127000
0.837932
-0.304956
0.775588
0.453532
-0.037680
0.085912
0.313548
-0.162562
-0.793540
0.471646
-0.622320
-0.850987
0.194915
-0.513640
0.419293
0.094560
0.552000
0.211276
-0.434019
-0.666733
-0.587382
-0.889775
-0.200189
-0.802288
0.884637
-0.606598
-0.066302
0.454051
0.568542
0.595281
0.255463
-0.476786
-0.031496
-0.117000
-0.204258
0.096040
0.480644
0.755195
0.958148
-0.054808
0.335435
-0.928451
-1.004994
0.524461
-0.199285
0.027325
0.052161
0.619046
-0.921493
-0.621015
-0.061000
-0.289704
0.042056
-0.208180
0.705440
0.578681
0.986029
-0.357106
-0.831462
-0.633402
-0.578185
-0.788754
-0.519479
0.108072
-0.449419
-0.581062
0.094921
-0.329000
0.402510
0.083984
0.948511
-0.520900
-0.976753
0.115601
-0.826555
0.786382
-0.963580
0.850069
0.817053
-0.786586
0.959443
-0.593255
-0.759524
0.239099
-0.575000
-0.414601
-0.364892
-0.731998
-0.345382
-0.279440
0.433448
1.025839
0.234471
-0.384324
0.623862
0.785718
0.740118
0.799660
-0.050149
0.123591
0.944974
-0.884000
-0.417139
0.941179
-0.793563
0.170495
-0.353117
0.703082
0.070319
-0.577020
-0.392458
-0.858364
-0.507343
0.440637
-0.457170
0.876978
0.330146
0.932942
0.004000
0.557512
-0.312915
-1.008187
0.498089
-0.199452
0.156456
-0.681594
0.917384
0.353843
0.037300
-0.148788
-0.276044
-0.665947
-0.198232
-0.274304
-0.299612
-0.450000
-0.076681
-0.262774
-0.144766
-0.478312
0.363088
0.340173
-0.759431
0.922234
-0.812827
0.223335
-0.232528
0.146697
-0.546164
-0.315157
0.519589
-0.503770
0.616000
0.469743
0.830251
0.364728
0.000902
0.787409
-0.142442
0.455259
0.707654
-0.877086
-0.749278
-0.020980
0.494791
-0.681680
-0.126921
0.328350
0.182210
-0.104000
0.149609
-0.840910
0.174104
-0.803070
-0.733888
0.582211
-0.107430
-0.969453
0.886780
0.271352
0.129549
0.323471
0.670499
0.623854
-0.843912
0.509078
0.225000
-0.645662
-0.463782
-0.236154
-0.527269
-0.292953
0.229888
-0.509526
-0.293133
0.140537
-0.395563
0.342247
-0.786952
-0.297320
0.932208
0.193883
0.120919
0.117000
0.508966
0.111236
0.309988
-0.254357
0.798957
-0.980664
-0.041749
-0.557644
-0.194594
0.257041
-0.445494
0.782922
-0.722114
0.369053
0.442579
0.291094
-0.928000
-0.935585
-0.171845
-0.151003
0.253519
0.831308
-0.279607
0.921496
0.229660
-0.733105
0.966562
0.481023
-0.634781
-0.377028
0.524329
0.612617
-0.824517
-0.100000
0.001497
-0.197829
0.630235
0.617506
-0.875050
0.957372
-0.460602
0.659517
-0.137667
0.853740
-0.955994
-0.839109
0.550919
0.829448
-0.939528
-0.675506
0.878000
-0.408393
0.199147
0.283553
-0.196603
-0.887850
-0.094389
0.724423
0.500649
0.921155
-0.001335
-0.754172
0.838840
-0.779409
-0.520059
0.777236
0.788886
-0.145000
0.184589
-0.271810
-0.715370
-0.357195
-0.449757
0.168042
0.320867
-0.404500
-0.236105
0.301220
-0.824870
-0.788812
0.164262
0.920188
-0.482042
0.157035
0.443000
-0.558275
-0.134854
0.522856
0.180759
0.421480
0.558847
-0.763813
0.648325
0.002233
-0.048644
0.877732
-0.765828
-0.076561
0.595281
-0.894406
0.791286
-0.366000
0.719849
0.287083
-0.288408
-0.118761
0.297845
-0.104526
-0.921847
-0.844213
0.036718
0.363461
0.219833
0.804429
-0.846926
0.479228
-0.027775
0.710418
0.098000
0.028346
-0.250687
-1.013040
0.251551
-0.843323
-0.182282
0.848249
0.277717
-0.280223
-0.688262
0.224673
0.337539
-0.377928
0.601835
-0.466397
-0.008096
0.988000
0.364324
0.075268
0.628742
-0.420439
0.288278
-0.097213
-0.632007
0.293682
0.502144
-0.218191
0.449371
0.743973
-0.677812
-0.412197
0.920389
-0.539172
-0.638000
-0.794357
0.660147
0.683656
-0.675588
0.303777
-0.529111
0.593183
0.411832
0.937178
-0.582984
-0.442732
0.714210
-0.491794
0.581957
-0.279361
0.888324
-0.698000
0.392169
-0.837754
0.471982
0.888355
-0.293057
-0.576363
-0.842887
0.535854
0.296439
-0.449581
0.765893
0.809127
0.303641
-0.522456
0.164772
0.430883
-0.841000
0.031914
0.408197
-1.014509
-0.875825
0.718977
-0.495166
-0.482705
-0.939116
0.506452
-0.262287
-0.907759
0.413078
-0.471379
-0.453889
0.129631
-0.571453
-0.077000
-0.208542
-0.273906
0.951652
0.203547
0.355214
0.411627
0.131463
-0.099082
0.092827
-0.141253
-0.032742
0.858975
-0.228746
0.455739
-0.596667
0.448611
0.042000
0.230325
-0.479904
0.940341
0.311155
0.839880
0.070246
0.193064
0.140061
-0.538388
-0.014053
0.436165
-0.611930
-0.562261
-0.848630
0.600768
0.924971
0.404000
0.918237
-0.020916
0.797373
0.122711
0.568831
-0.153535
0.530180
-0.499763
-0.118316
0.672111
-0.038704
-0.932229
0.980440
0.445871
-0.222227
-0.108617
0.992000
0.100881
-0.637935
0.465342
-0.763356
-0.130106
-0.590998
0.753368
-0.383925
0.362589
-0.324275
-0.202094
-0.522270
0.152049
0.468051
-0.401535
0.529011
-0.955000
0.271645
-0.640943
-0.733078
-0.807640
-0.323060
-0.837234
1.061261
0.083068
0.290025
0.414564
-0.443090
0.077007
0.660684
-0.699540
0.630467
-0.590695
-0.376000
-0.370422
0.354092
-0.194215
-0.536783
-0.393945
-0.824953
0.957321
-0.459844
-0.843790
-0.231486
-0.127229
-0.515475
0.898266
-0.319675
-0.194540
0.303425
0.036000
0.282657
0.669145
-0.312136
-0.939250
-0.278843
0.165719
-0.341649
0.245160
-0.044031
0.780006
-0.243473
-0.297552
-0.636056
-0.558751
-0.985833
0.420041
-0.394000
0.799653
0.732124
-0.552452
-0.673603
0.754528
-0.456201
0.195941
0.274002
0.153979
0.674543
0.529963
-0.838032
0.719451
-0.305822
0.995461
-0.291303
-0.557000
-0.113921
-0.135863
-0.146408
-0.723217
-0.706749
0.831057
-0.809193
0.665373
-0.087134
-0.895345
0.449440
-0.975121
-0.283613
0.767452
0.933400
0.413370
-0.548000
-0.004628
0.834166
0.099960
0.245315
-0.178368
-0.642208
-0.755506
-0.411397
-0.793422
0.067090
-0.135496
-0.425961
0.258260
0.066827
-0.007733
0.654682
-0.239000
-0.883204
-0.647871
-0.896146
0.156911
0.338777
0.427386
-0.891076
0.365661
-0.839583
-0.416169
-0.990165
-0.613855
0.416044
0.518516
0.352017
0.301286
-0.482000
-0.144979
-0.460888
-0.853094
0.695784
-0.891785
-0.288974
0.139698
0.954544
0.213695
-0.658155
0.247342
0.598481
-0.654567
-0.229696
-0.239849
-0.944280
0.605000
-0.954435
-0.160876
-0.185774
0.074345
-0.970657
-0.416909
-0.634009
0.778599
-0.988765
-0.584525
-0.305637
-0.513102
0.453915
0.005580
-0.991230
0.445439
0.896000
-0.712592
-0.688781
-0.062699
-0.106233
0.145850
-0.516761
-0.460259
0.745033
-1.002072
0.219530
-0.932535
-0.472636
-0.671890
0.480114
-0.275337
-0.850783
0.434000
-0.543666
-0.235855
-0.076855
0.249422
-0.547404
0.898071
-0.227466
-0.835400
-0.668685
-0.835001
-0.122402
0.390626
0.356641
-0.741731
-0.264267
-0.487306
0.497000
-0.063109
-0.705922
-0.694999
0.709370
0.757721
0.408353
-0.855826
-0.502250
-0.340712
-0.445300
-0.512677
0.764013
-0.582841
-0.670647
0.906110
-0.173501
0.598000
-0.102183
0.082169
0.125827
0.163158
0.768811
-0.918343
-0.170458
-0.543903
0.857435
-0.848498
0.931084
0.599019
-0.870615
-0.826876
0.448689
0.274262
0.774000
-0.937216
0.165095
0.940149
-0.608442
-0.882734
0.437420
0.543205
0.341741
-0.274878
-0.226023
-0.992226
0.480898
-0.036955
0.508087
0.234590
-0.736503
-0.912000
0.517228
-0.959006
-0.035594
0.586737
-0.788950
-0.026895
-0.136340
0.836760
-0.233403
0.036303
-0.733406
0.623319
0.099288
0.742870
0.322868
0.029929
-0.402000
0.970937
0.141298
0.865396
0.504040
-0.037229
-0.507224
0.428027
-0.467507
-0.207268
0.415580
-0.767135
0.012601
-0.265645
0.701416
-0.373747
0.680819
-0.174000
0.108238
0.328243
0.291346
0.200276
0.855268
0.895645
-0.676647
-0.046010
-0.610579
0.358136
0.238910
-0.921369
-0.806887
0.088847
-0.848764
-0.876131
-0.091000
-0.832115
0.207133
-0.330520
0.480448
0.624126
0.637600
0.115080
-0.126375
0.367775
1.021092
-0.157657
-0.268260
-0.684054
-0.798087
-0.201386
0.405360
0.617000
0.768704
0.217208
0.815406
-0.786157
0.979225
-0.672085
-0.937915
-0.859457
-0.723840
0.881118
-0.023349
0.381023
0.367645
0.320707
-0.821314
-0.828823
-0.429000
0.946059
-0.093842
0.730643
-0.260049
0.827400
-0.146256
0.015818
0.045583
0.091896
0.834205
-0.975655
-0.634612
-0.429630
0.338337
0.461560
0.504803
-0.321000
0.152243
0.724093
0.728703
0.645446
0.578645
0.736391
0.877455
0.734543
0.626908
0.351539
0.960549
0.315614
-0.465621
0.532902
-0.734680
-0.835821
-0.445000
0.780351
-0.897919
-0.410564
-0.827699
0.902733
-0.453779
0.844120
0.827417
0.665158
-0.838097
0.607310
0.124220
-0.517524
0.988274
0.167132
0.494025
-0.092000
0.958325
-0.874931
0.911981
0.310448
-0.090556
0.451936
-0.363044
0.970476
-0.622015
-0.644277
0.651702
0.576029
-0.748996
0.963195
-0.625025
-0.551685
0.215000
0.118388
0.012070
-0.945880
-0.750117
-0.634804
-0.213424
-0.075613
-0.403109
0.451813
0.930695
0.055185
-0.693483
0.187540
0.291102
-0.795978
0.660711
-0.064000
-0.934067
0.245039
0.179733
0.334749
-0.260418
-0.242704
-0.597517
-0.695508
-0.976649
-0.716927
-0.059231
0.348290
0.062654
-0.886416
-0.124251
0.867879
0.592000
0.945713
0.609059
0.389180
-0.884785
-0.807298
0.625950
0.762688
-0.136410
-0.367295
0.043474
0.595487
0.283948
0.428992
0.867419
-0.701105
0.670709
-0.832000
0.378161
0.752092
-0.542463
0.965133
-0.730286
-0.790468
0.301515
0.379212
0.579026
-0.758053
-0.200260
0.716873
0.939061
1.014581
-0.477246
-0.382746
-0.584000
-0.100396
-0.983917
-0.222524
-0.227816
-0.602353
0.412616
1.014252
0.879707
0.223487
-0.470248
-0.046925
-0.232333
0.827720
0.556041
0.798071
0.329835
0.744000
-0.295482
-0.122910
-0.650675
0.482035
-0.645495
0.275536
-0.272053
0.109253
0.294329
-0.307374
0.301635
-0.408543
-0.693922
0.590328
0.443368
-0.631938
0.330000
-0.939109
0.342107
-0.634792
-0.117591
0.129928
0.540491
0.438980
-0.884025
0.663145
0.840862
-0.891774
-0.998429
-0.634446
-0.574740
-0.215005
-0.544862
0.675000
-0.189791
-0.480935
-0.045085
-0.790033
0.259414
0.036888
-0.312580
-0.757718
-0.242140
0.401798
-0.461864
0.681298
-0.221389
0.016496
0.927923
0.083249
-0.610000
0.777191
-0.394954
0.465323
0.612242
0.488686
-0.047149
0.642270
-0.915147
-0.466085
0.864368
-0.441367
0.624618
0.790773
-0.591285
-0.483811
0.177388
-0.326000
-0.413775
-0.902951
-0.899890
-0.734896
-0.916610
0.083695
-0.164823
0.149733
-0.083863
0.214976
0.374272
0.094797
0.820272
-0.404570
-0.267389
-0.024947
-0.502000
0.936041
0.745115
0.614856
0.627760
0.151294
-0.094762
0.939722
-0.824703
-0.333075
-0.706899
0.327571
-0.709800
0.932080
0.192816
-0.026715
-0.314519
-0.265000
-0.885350
0.514057
0.935150
-0.413411
-0.814491
-0.843082
0.158312
0.585360
-0.554095
-0.669484
0.969541
-0.005468
-0.998787
0.247511
0.727547
-0.362588
-0.256000
0.754243
0.050016
-0.385292
-0.470587
0.494343
0.010368
-0.330467
0.753104
0.860946
0.592476
-0.624257
-0.511984
-0.141325
-0.388175
-0.747119
-0.655258
-0.086000
0.597879
-0.784870
0.677971
-0.299478
-0.652216
-0.028002
0.833348
0.057445
0.192262
-0.031767
0.851480
-0.711195
-0.286889
-0.716603
-0.029919
-0.006141
-0.840000
-0.210342
-0.864953
-0.035583
0.120170
0.066547
-0.473252
-0.718626
0.964966
-1.004183
-0.932948
0.512796
-0.194456
-0.789092
-0.422847
0.049214
0.200527
0.648000
-0.207523
0.292967
-0.791010
-0.147882
-0.266628
0.285403
0.127908
0.726065
0.689621
1.001506
-0.432101
-0.309039
0.783036
-0.764529
0.157473
0.707360
0.561000
-0.099619
0.827819
-0.836378
0.437532
0.791376
-0.410277
0.679259
-0.105732
-0.276753
-0.599948
-0.925701
0.135507
0.710734
0.791741
-0.424733
0.646395
0.672000
0.609467
-0.928960
-0.885809
0.381606
-0.365679
0.876752
0.106993
-0.475180
-0.416739
0.619496
0.040690
0.080508
-0.424915
-0.360990
0.004470
-0.872033
0.605000
0.023886
0.793300
0.272305
0.662217
-0.631368
0.894264
0.650727
0.564730
0.049050
0.380003
0.549015
-0.856497
-0.034819
0.569344
-0.474009
0.376653
-0.785000
-0.286452
0.036517
0.180980
0.194661
0.589947
0.392404
-0.966798
0.523535
-0.369728
0.712376
0.261091
0.692228
-0.785165
-0.548878
-0.212556
0.180369
-0.988000
0.046048
-0.335387
0.246149
0.728736
0.810044
0.654782
-0.370586
-0.189887
-0.773987
0.178519
-0.437363
0.446752
0.155045
-0.756552
-0.577808
-0.887049
-0.926000
-0.873418
-0.328449
0.131688
-0.751973
0.971304
-0.169547
-0.153422
-1.009555
0.421063
-0.715265
0.508863
-0.198234
-0.040319
-0.739384
-0.536544
-0.923030
-0.281000
0.734370
-0.195498
0.491158
-0.600979
-0.704990
-0.193056
-0.698558
-0.954435
0.776897
-0.676454
-0.481974
-0.563144
0.917382
-0.823992
0.703256
0.176993
-0.521000
0.934775
-0.806523
-0.025078
-0.733345
-0.500168
0.753263
-0.180700
0.331305
-0.839035
0.419064
-0.313599
0.578005
0.001905
0.477659
0.700606
-0.542874
-0.027000
-0.266405
-0.820089
-0.002499
0.119135
0.749015
0.195271
-0.050711
0.522718
0.733305
-0.348090
-0.453698
-0.577382
-0.490688
-0.136967
-0.272417
0.207720
0.090000
0.555115
0.107515
-0.773699
0.764832
0.123552
-0.497866
-0.565107
-0.636748
-0.676676
-0.168697
-0.184609
-0.565253
0.363815
0.512066
-0.231554
-0.165694
0.647000
-0.638539
0.951987
-0.126243
0.050021
0.235899
-0.945757
0.286274
0.432100
-0.211221
0.118605
0.814965
-0.449405
0.741064
0.507900
-0.233262
0.846614
0.983000
0.417996
-0.532733
0.062091
-0.507861
-0.079534
0.668231
-0.983509
0.272799
-0.683435
-0.414424
-0.746379
-0.513145
0.423991
0.474922
-0.968526
-0.086808
-0.712000
-0.726644
-0.636492
-0.407986
0.026381
0.560709
-0.528978
0.559831
-0.690405
0.575704
0.216448
-0.580031
-0.489340
-0.492514
-0.539313
0.099233
0.972971
0.787000
0.134286
0.903419
-0.220037
0.741712
0.366886
0.570955
0.521603
-0.353842
0.669208
-0.970549
-0.865949
0.811434
0.736049
0.807813
0.197505
-0.980770
-0.610000
-0.717194
0.978878
-0.128660
-0.861918
-0.707552
-0.889905
-0.212168
0.861903
0.682878
0.630110
0.209986
-0.110228
-0.902321
-0.159953
-0.141777
0.036273
-0.205000
0.647967
0.055336
-0.663852
0.541633
-0.780435
0.101081
0.441750
0.370374
0.145539
0.389483
0.303736
-0.603550
0.358701
0.754956
0.882956
-0.600661
0.261000
-0.793967
-0.072869
0.718883
0.753149
0.046577
0.315039
-0.202019
0.384207
0.896521
-0.904569
-0.176054
0.285298
0.248307
0.386181
0.901157
0.006236
-0.692000
0.134689
0.243133
0.084794
-0.843693
-0.288944
-0.735857
0.382277
0.039959
-0.368000
0.867722
0.702841
-0.743484
-0.732971
0.320759
-0.148612
0.342406
0.232699
-0.384000
-0.068971
0.422029
-0.710934
0.154630
-0.063840
-0.318307
0.227278
0.328021
0.487000
0.751387
-0.847540
0.787709
0.010566
-0.232174
-0.199351
0.385295
-0.288467
0.676000
-0.738777
-0.629896
-0.764576
0.068042
-0.724529
-0.698452
0.747634
0.557992
0.925000
0.225829
0.084148
-0.541805
-0.284856
-0.599577
-0.257796
-0.255378
0.206341
-0.802000
-0.407310
0.313523
-0.826735
-0.633515
-0.085396
-0.370254
0.172649
-0.808068
0.859000
0.364345
-0.054031
0.307575
-0.150770
-0.855895
-0.102712
0.344878
0.162750
-0.011000
-0.670362
0.558075
-0.238897
-0.568118
0.699467
-0.803391
-0.832051
-0.427402
0.689000
0.058209
0.280963
-0.578345
0.590491
-0.307755
-0.242086
0.488420
-0.125785
-0.511000
0.593736
-0.792049
-0.188030
0.983190
-0.947728
-0.786805
0.732931
-0.422483
-0.019000
-0.030613
0.061326
-0.690904
0.612555
-0.018069
0.107870
0.716500
-0.042602
0.889000
-0.130868
-0.046415
0.104785
-0.164210
0.005286
0.075632
-0.924035
0.113140
-0.836000
-0.076102
0.453256
0.829759
0.466562
-0.753623
-0.317739
-0.628927
-0.270280
0.573000
-0.837674
-0.684482
-0.604167
-0.186005
-0.424096
-0.325837
-0.370153
-0.023098
0.018000
0.373220
0.230464
-0.562413
0.555243
-0.410940
0.255006
0.238204
0.025401
0.840000
0.638845
0.582576
0.507275
-0.858532
0.417539
0.765285
0.767231
0.044359