2
192;8
-0.612000
0.014746
0.144794
0.025558
0.129437
0.150332
0.244811
0.092718
0.188118
-0.278000
-0.007166
0.238131
0.238021
-0.303629
0.143036
0.235217
0.113356
-0.027042
0.332000
0.103435
-0.548410
-0.361126
0.586232
-0.321163
-0.105664
0.071903
0.043342
0.631000
-0.032896
0.099672
0.142183
-0.186377
0.250711
-0.106203
-0.151834
-0.065807
-0.108000
-0.031462
-0.201317
-0.224429
0.422155
0.089855
-0.104242
-0.138880
0.126546
-0.007000
-0.054019
0.025662
0.251310
-0.733855
0.083881
0.233425
-0.171889
-0.236857
-0.841000
0.135338
0.246816
-0.023141
0.335718
-0.528216
0.011620
0.284884
0.084726
0.458000
0.146619
0.477024
0.343845
-0.044697
-0.093388
-0.171131
-0.241725
0.037608
0.423000
-0.172159
-0.250677
-0.281969
-0.036846
-0.000946
-0.264519
0.286661
-0.120456
0.572000
0.024483
-0.077067
-0.077241
0.100246
0.188005
0.157734
-0.066535
0.231649
-0.711000
-0.170146
-0.019041
-0.032675
-0.033685
-0.397177
0.285039
0.009912
-0.233138
0.006000
0.095905
-0.176436
-0.233316
0.252657
0.605706
0.306322
0.395986
0.034044
0.252000
0.009056
0.034066
0.329279
-0.195730
0.065981
-0.765763
-0.483069
0.205068
-0.441000
-0.123715
0.231037
-0.275891
-0.150795
0.482538
-0.294478
-0.263953
0.083193
-0.469000
-0.560645
0.269551
0.492491
0.169994
-0.225802
0.152977
0.434707
-0.020058
-0.254000
0.814131
-0.436819
-0.229907
0.085469
-0.474718
0.277463
-0.048290
-0.098840
0.762000
0.231311
-0.450110
0.008409
-0.434454
-0.566965
0.482748
0.012994
0.379089
-0.823000
-0.247992
-0.112834
0.357067
0.499723
0.172829
0.048793
0.181363
-0.211318
0.649000
-0.129474
0.463331
-0.233526
-0.273475
0.575057
-0.406253
-0.383432
-0.150886
-0.281000
-0.034916
0.623185
0.205587
-0.276603
0.656461
-0.369235
0.035537
-0.548787
-0.543000
-0.009269
-0.752739
-0.391796
0.884614
-0.345875
0.051485
-0.141630
-0.108355
0.124000
0.193126
0.183993
0.175083
-0.648151
-0.273296
0.170356
0.153654
0.673622
0.887000
0.247620
-0.237158
-0.359579
0.250361
-0.227074
-0.119853
0.132697
0.150338
0.177000
-0.240347
0.433472
0.536702
-0.672740
-0.034367
0.331658
-0.211807
0.266415
-0.807000
-0.194211
-0.157917
-0.070332
0.442771
0.053125
-0.051800
-0.020374
-0.304896
0.899000
0.387069
-0.405969
-0.059790
0.133335
0.240460
0.079749
0.174833
-0.198880
-0.361000
-0.749004
0.341999
0.103583
-0.050898
-0.262365
-0.598707
-0.596185
0.100251
0.568000
0.261423
0.062441
0.017444
-0.045182
0.054786
0.388297
0.422704
0.007314
-0.843000
-0.267360
-0.169219
0.074029
-0.323846
-0.009267
0.039354
0.064987
0.039844
0.962000
0.369684
0.423828
0.041084
0.272322
-0.144982
0.324905
0.336869
0.430830
0.184000
-0.005450
-0.230753
-0.196828
-0.096221
0.176674
-0.363101
-0.464261
-0.148320
-0.002000
0.122813
-0.156480
-0.175005
0.260414
-0.408327
0.115009
-0.053183
0.295808
0.752000
0.024869
0.247749
-0.208893
-0.338741
0.806812
-0.409825
0.078181
-0.609137
0.076000
-0.265010
-0.073341
0.355660
0.050846
-0.280645
0.345791
0.113259
0.134585
0.110000
-0.236515
0.118923
0.164992
-0.208361
0.422017
-0.182197
-0.195724
-0.186893
0.394000
0.714524
-0.441709
0.147110
0.262913
-0.714906
0.436090
0.034669
0.537704
0.882000
-0.390812
0.265195
-0.283954
0.087611
0.125820
-0.169300
-0.019194
-0.272993
0.734000
0.492761
-0.275661
-0.017766
0.037350
-0.291734
0.268358
0.290596
-0.234319
-0.368000
-0.638467
-0.072606
-0.370754
0.081541
0.500330
-0.619124
-0.129653
0.055882
0.499000
-0.052903
0.268012
0.278882
-0.129595
0.152083
0.307275
-0.170845
0.196291
0.342000
0.341160
0.296670
-0.087329
-0.194471
0.268173
-0.104537
0.049530
0.093050
-0.757000
-0.349843
0.197787
-0.029904
0.340226
-0.175281
-0.639149
-0.502911
0.006148
0.864000
-0.080289
-0.238613
0.073347
-0.157701
-0.232659
0.709229
0.443886
-0.112787
0.673000
-0.438823
-0.573991
0.506271
0.435970
-0.223795
0.114757
-0.106247
0.113271
-0.482000
0.175766
0.657939
-0.573634
-0.960588
0.165469
0.174451
0.225556
0.173695
0.628000
0.226900
-0.237564
0.108009
0.458996
0.006499
-0.135668
-0.074841
-0.251533
0.030000
-0.234366
-0.211454
0.133995
0.316012
0.179698
0.264050
-0.298032
0.031894
-0.607000
0.554284
0.453966
-0.363199
-0.313714
-0.228612
-0.360895
0.432799
0.168582
0.844000
-0.192661
-0.065885
0.093488
0.014515
0.107341
-0.059159
-0.083163
-0.203367
0.683000
-0.152407
0.119777
-0.287246
-0.430746
-0.221290
0.081437
0.236302
-0.050207
0.712000
0.337551
0.103562
0.186384
0.213770
-0.020120
0.444847
-0.502174
0.209233
-0.827000
-0.170375
-0.184324
0.091626
0.143930
0.174330
-0.264739
0.266256
-0.214910
0.024000
0.237606
-0.290473
0.388713
0.130019
0.134730
-0.308432
0.096752
-0.061393
-0.427000
-0.433431
0.427711
-0.399167
0.406117
-0.193258
-0.010138
-0.312233
0.198870
0.794000
0.348992
-0.296857
0.136396
-0.387378
-0.122240
0.193787
0.201522
-0.196015
0.530000
0.132344
0.158798
0.307131
0.358476
0.260819
0.174454
-0.088546
-0.173597
-0.586000
0.128021
-0.585473
-0.197590
-0.803755
-0.296562
-0.156694
-0.042606
-0.071209
0.569000
-0.391767
0.646120
-0.100259
0.521817
0.162733
-0.130111
0.010214
0.258765
0.257000
-0.026558
0.080039
0.118509
0.244807
-0.617448
-0.256038
0.326471
0.361400
0.232000
0.305667
-0.226401
-0.478272
-0.212810
0.614497
0.191931
-0.089577
-0.350079
0.850000
-0.193978
-0.052843
0.356477
-0.151615
-0.041362
-0.059229
-0.030557
0.094987
-0.184000
0.054464
0.056427
0.020578
-0.586232
0.073979
-0.084729
0.139437
-0.345144
-0.526000
0.418884
0.054592
0.135843
0.786876
0.102818
0.229165
-0.647189
0.935503
0.709000
-0.459564
-0.173833
-0.125094
-0.131404
0.014680
-0.273035
0.398754
-0.452833
0.286000
-0.292918
0.067204
0.036313
0.561713
-0.099744
0.052611
-0.306610
-0.097752
0.216000
0.246971
-0.427052
0.015935
-0.876158
-0.369744
0.584966
0.641651
0.064723
0.887000
-0.175281
0.305613
-0.010573
0.311083
0.384313
-0.582531
-0.175038
0.090652
-0.148000
0.551548
0.181424
-0.527664
-0.098363
0.032544
-0.273646
0.045848
-0.152276
-0.167000
-0.182325
0.056361
0.281512
0.187642
-0.487229
0.327289
-0.052340
0.333730
0.083000
-0.243244
-0.145763
0.194441
-0.046718
0.389158
-0.166252
-0.052722
-0.059098
-0.512000
-0.414619
0.265068
-0.072195
-0.541895
0.038465
-0.019738
0.393376
0.210100
0.333000
0.007514
-0.451359
0.335050
0.730590
0.394577
-0.146871
-0.617795
-0.801115
-0.490000
0.502809
0.085649
-0.136418
-0.257977
-0.509483
0.134735
0.271159
0.404435
-0.348000
0.052581
0.118404
0.250683
-0.098023
0.323967
-0.017105
0.090061
-0.043693
-0.266000
0.129594
-0.556790
-0.087072
0.727713
0.229347
-0.094473
0.130741
-0.080916
-0.336000
-0.121230
0.540563
-0.184843
-0.767473
-0.230880
0.018301
-0.203490
-0.103473
-0.689000
-0.046090
0.045047
-0.214655
-0.360916
-0.250456
-0.096491
-0.185306
0.214910
-0.165000
-0.354686
-0.099307
0.132491
0.060343
0.278451
0.311698
0.351797
-0.185764
-0.440000
0.416410
-0.078723
-0.009392
0.264721
-0.135329
-0.145337
-0.050571
0.072034
-0.341000
-0.400430
0.326635
-0.284151
0.208216
0.007031
-0.146359
0.011152
-0.258279
-0.319000
0.608916
-0.414675
0.108651
-0.524287
-0.141077
0.174982
0.077368
0.398659
-0.189000
-0.037278
0.122087
0.112359
0.174865
0.033468
0.050577
0.083454
-0.246904
0.613000
0.266947
-0.583260
0.355409
0.434832
0.006109
0.292687
-0.508347
-0.267666
-0.031000
-0.003655
0.768647
-0.456477
-0.923326
0.410729
-0.109846
0.435175
0.647632
0.703000
-0.546935
-0.315589
0.329338
0.398490
-0.476969
-0.009966
0.095867
-0.163475
-0.882000
-0.067596
-0.394883
-0.015313
0.124979
-0.002910
-0.014055
0.006416
-0.307681
-0.104000
-0.406789
0.682532
-0.303317
-0.297414
-0.163371
-0.372749
-0.018317
0.691048
0.391000
0.178204
-0.221153
0.223104
0.313226
0.098458
0.420478
0.139814
-0.482716
-0.372000
0.084020
-0.061541
0.032868
0.411019
-0.117542
0.061264
0.192392
0.413659
0.796000
0.361756
-0.340501
0.090104
-0.580325
0.529179
-0.249236
-0.596996
-0.438875
0.919000
-0.180757
0.162017
-0.133021
0.320159
-0.492408
0.203062
0.320825
0.174029
-0.379000
-0.249435
-0.147332
0.234264
0.479875
0.230022
-0.277116
-0.051991
-0.213090
-0.198000
0.199619
0.277514
-0.130034
-0.568658
-0.044164
0.436169
0.103958
0.397839
-0.739000
0.185641
-0.165861
-0.203180
0.042143
-0.117586
-0.127547
-0.042538
-0.264165
0.813000
0.090531
0.095795
0.257555
-0.169526
-0.542239
0.183501
-0.381650
0.288131
-0.635000
-0.289315
0.360347
-0.394652
0.234705
0.653463
-0.060443
0.242053
-0.597009
-0.672000
0.157740
-0.210969
0.111774
-0.019231
0.031774
-0.135444
0.044665
0.081368
-0.257000
-0.517181
-0.483544
-0.533383
-0.331281
0.067030
0.254741
-0.312281
0.190862
-0.002000
0.027545
0.487799
0.881596
0.366718
-0.549975
-0.409472
0.197236
-0.117563
-0.226000
0.650946
-0.086175
-0.416566
0.016635
0.311380
0.137865
0.205897
-0.051662
-0.191000
0.095062
0.523022
0.115071
-0.001813
0.485787
0.095604
-0.039995
0.022348
0.661000
0.260928
-0.810640
-0.297405
0.494070
-0.466091
-0.129278
0.243960
-0.388168
-0.650000
-0.442281
0.398356
0.046023
-0.452994
0.177609
0.151914
-0.340341
0.264989
-0.918000
0.321987
-0.135730
0.248822
0.221316
-0.052051
0.231714
-0.218931
0.437046
-0.979000
-0.091603
0.383731
0.103677
-0.683731
0.462813
-0.601376
-0.504263
-0.223013
-0.704000
-0.313258
-0.324867
-0.266037
0.555116
-0.492606
0.106605
0.764726
-0.025278
-0.264000
-0.294035
0.195655
0.054430
0.511616
0.023287
-0.339776
-0.155991
-0.253730
0.197000
0.164228
-0.209337
-0.486706
-0.791262
-0.220026
0.419799
0.670355
0.359050
-0.447000
0.184192
0.137993
0.236523
0.329871
0.257120
-0.030738
-0.436315
-0.301219
-0.835000
0.345213
0.357610
-0.410187
-0.249278
0.127541
0.212626
-0.098099
0.104756
0.586000
-0.177147
-0.378778
0.529052
0.565045
-0.132876
0.390718
0.163631
-0.462544
-0.171000
-0.191611
0.011070
-0.063583
-0.312867
0.050805
-0.601147
0.047441
0.262411
-0.430000
-0.247693
-0.255894
0.159159
0.345065
-0.236249
-0.185071
-0.126087
-0.058053
-0.856000
0.631503
0.615804
-0.402291
-0.594854
0.161888
0.372701
-0.298212
-0.323862
0.623000
-0.341821
-0.300845
0.193817
0.006236
0.021404
0.021270
0.567452
0.196342
-0.050000
0.093491
-0.122430
0.116181
-0.219303
-0.210379
0.163719
-0.017483
-0.015666
-0.790000
-0.565149
0.137242
0.043445
0.223658
0.424834
-0.321269
-0.092942
0.032187
-0.203000
0.403845
-0.147649
-0.152191
0.074706
-0.157243
0.032479
0.210641
0.055823
-0.814000
-0.041814
0.214205
-0.376846
0.364472
0.376612
-0.014781
0.223350
-0.111421
-0.605000
0.047581
-0.491838
0.285391
-0.481297
-0.302420
-0.379496
0.161292
0.341424
-0.728000
0.016706
0.279232
0.107904
0.128047
-0.066420
0.286778
-0.369074
-0.251738
-0.573000
0.362797
0.199394
-0.429599
-0.556023
0.550957
0.241763
0.436275
-0.062734
-0.237000
-0.185864
-0.070480
0.849524
0.420521
-0.306331
-0.075859
-0.167729
0.155249
-0.601000
-0.124218
-0.100898
-0.398479
0.085879
-0.138260
-0.174595
-0.394474
-0.178545
-0.781000
-0.235653
0.246270
0.079711
-0.123802
-0.231632
0.128345
-0.302189
0.447821
-0.677000
0.251085
-0.234216
-0.090629
0.160963
-0.556071
-0.552547
0.053049
-0.588041
0.658000
0.097018
0.054890
0.142980
0.082731
0.513971
0.217060
0.221816
0.353535
-0.358000
0.162099
-0.442013
-0.370363
-0.088845
0.016525
-0.347402
0.025790
-0.149004
0.389000
-0.349931
0.571800
0.439889
0.303135
0.134671
0.642740
0.271455
0.054582
-0.278000
0.109983
-0.141446
-0.173762
-0.298098
0.084017
-0.218324
-0.260752
-0.089196
-0.858000
0.306964
0.152837
-0.072524
0.237671
0.043034
0.214980
0.009870
-0.129271
0.827000
-0.292907
-0.280510
0.188306
-0.510175
0.255074
-0.735419
-0.399993
0.077367
-0.067000
0.014989
0.079634
-0.032121
0.303207
-0.294713
0.401153
0.385618
0.098531
0.674000
-0.296680
-0.042382
0.121561
0.480816
-0.056802
-0.115459
-0.006683
-0.070338
0.581000
0.244205
0.170687
0.552362
-0.703710
-0.301831
0.044199
0.115916
-0.255544
-0.354000
0.294005
-0.088731
-0.727423
0.138938
0.171587
0.280680
-0.209929
0.223950
0.402000
0.310875
0.099737
-0.252259
0.250191
0.197694
-0.013439
0.064349
-0.065909
0.135000
-0.199695
-0.591956
0.642668
-0.440398
-0.059499
0.423415
0.114795
0.176350
0.318000
-0.225797
0.352076
-0.290191
0.216598
-0.003970
-0.418248
-0.140327
-0.145825
0.627000
0.288827
0.096378
-0.003246
0.325762
-0.264043
0.056752
-0.319403
-0.004394
-0.276000
-0.101910
-0.038555
0.013243
-0.524220
0.218193
-0.223319
0.566192
-0.118316
0.942000
-0.177527
-0.045597
-0.016222
0.144223
-0.012888
0.329671
-0.248016
0.124033
0.315000
-0.674270
-0.229790
-0.147775
-0.018465
0.075703
-0.257582
0.101607
0.262156
0.963000
0.673608
0.028748
0.157116
0.287479
0.150371
0.757387
-0.536944
-0.432263
-0.259000
0.150599
0.027867
-0.081068
-0.255045
-0.211387
-0.554277
0.446594
0.333771
-0.024000
-0.588417
0.138952
-0.435317
-0.101877
0.080124
-0.269236
0.089524
-0.076064
0.624000
0.260095
-0.274883
0.821229
0.484706
-0.164748
0.508936
-0.672415
0.363341
0.106000
0.168801
0.135217
-0.401374
-0.420613
0.007387
-0.093753
0.683064
-0.182047
-0.678000
0.011178
0.148664
-0.142776
-0.197505
0.107067
-0.118864
0.304190
-0.332768
-0.518000
0.353390
-0.600574
0.412046
0.026140
0.181512
0.032698
0.028756
-0.205455
0.401000
-0.385546
0.505321
-0.476100
0.119236
-0.073106
0.025361
-0.331561
0.453774
0.952000
0.170491
0.383218
0.038942
0.631355
0.068767
0.057537
-0.006807
-0.015534
-0.040000
-0.158383
0.218743
-0.156392
-0.636764
-0.371807
0.294777
0.020634
0.260053
-0.971000
-0.022024
-0.495076
0.227525
0.064666
0.161056
-0.181659
-0.060662
-0.381302
0.302000
0.035289
-0.207199
0.113044
-0.250062
-0.164691
0.078836
0.092884
-0.241687
0.625000
-0.082958
0.083106
0.494992
0.136782
0.144104
-0.641217
-0.176877
-0.305178
0.606000
0.192668
0.145681
-0.715398
0.036840
-0.059752
0.520729
0.117833
0.579818
-0.133000
-0.174134
-0.243187
-0.238597
0.035212
-0.041003
0.258134
-0.273151
0.144254
-0.542000
0.185038
0.300428
-0.234470
0.299123
0.140533
-0.351430
0.731590
0.802887
-0.768000
0.001154
-0.035162
0.541084
-0.295416
0.149700
-0.108099
-0.615481
-0.919223
-0.841000
-0.057273
0.108724
0.210919
-0.105787
-0.037575
-0.595218
0.050284
-0.495978
-0.577000
0.410742
0.286374
-0.183141
-0.117151
0.312880
0.346913
-0.012092
0.123370
-0.110000
-0.116054
-0.249330
-0.030790
0.189445
-0.409909
0.334527
-0.163828
0.282288
-0.175000
-0.542672
0.181158
-0.159473
0.122854
0.647995
0.388449
-0.004577
0.152630
-0.120000
-0.302911
-0.217763
-0.072406
-0.129559
-1.150852
-0.185988
0.036928
0.007701
0.414000
0.674328
0.154264
0.267038
-0.113395
0.639524
-0.334397
-0.034480
-0.031865
0.790000
0.567009
0.036797
0.214551
0.235682
-0.482766
-0.285795
0.522234
0.033743
-0.055000
-0.119974
-0.061566
0.280113
-0.333834
0.363408
0.224338
-0.728298
-0.407493
0.860000
-0.424397
-0.184617
-0.467543
0.149468
0.017001
0.206349
0.165361
0.416193
-0.662000
0.251466
0.077172
-0.241059
-0.082287
-0.003734
0.021637
0.336702
0.025677
0.047000
-0.226588
0.076984
0.268964
0.089053
0.175101
-0.008548
-0.627286
-0.098801
0.214000
-0.089990
-0.003840
0.016196
-0.003586
-0.239462
-0.017810
0.235000
0.045438
0.357000
0.385065
0.056999
0.198226
0.017143
-0.013053
-0.217618
0.097645
-0.175880
0.319000
-0.499825
0.120606
-0.099181
-0.025950
-0.121577
-0.014007
0.451609
0.013396
-0.058000
0.199609
-0.455982
0.046499
0.108468
0.060894
0.270459
-0.490069
0.220417
-0.859000
-0.472100
-0.303990
-0.362351
-0.241762
0.139910
0.454248
-0.063769
-0.007257
0.848000
0.277167
-0.153385
0.564286
0.141727
-0.308444
-0.478691
-0.316096
-0.204713
-0.689000
0.080060
0.544405
-0.329593
0.052289
0.336720
-0.189922
0.368845
0.287410
-0.882000
0.053985
0.423282
0.018076
0.327704
-0.247636
0.197612
0.082766
-0.096694
0.331000
0.144714
-0.431763
0.193707
0.000584
0.299103
-0.238747
0.228380
0.671721
-0.635000
-0.137158
-0.067557
-0.107572
-0.282013
-0.051114
0.216439
-0.394581
-0.631998
0.386000
-0.199488
-0.143774
-0.180216
-0.015714
0.133787
0.360978
0.223858
-0.069447
-0.484000
0.088399
0.257182
0.069640
-0.632902
-0.291917
-0.380632
-0.368321
-0.532022
-0.507000
0.113155
0.010737
0.058204
0.480864
0.223240
-0.018676
0.254879
0.422466
-0.514000
0.038191
-0.260397
0.103734
0.003532
-0.059884
-0.357277
-0.357014
0.434294
0.131000
-0.349392
-0.107559
0.351039
0.420644
0.254646
0.408266
-0.064497
-0.293092
0.157000
0.154459
0.243322
-0.507171
-0.416119
-0.279886
0.188935
0.483603
-0.014219
-0.744000
0.566838
0.391315
-0.064431
-0.688192
-0.124692
0.181621
0.702756
-0.501088
-0.480000
-0.077381
-0.026545
0.012320
0.831091
0.394842
-0.259626
-0.394769
0.529665
0.094000
-0.328260
-0.213440
-0.029762
-0.076283
-0.389220
-0.097035
-0.458804
0.092482
-0.587000
-0.122353
-0.434502
0.102866
0.426627
-0.084456
-0.266993
-0.408899
0.110228
-0.895000
-0.049293
0.393627
0.051205
-0.422170
-0.396697
0.498267
0.278401
-0.250961
-0.986000
0.026123
0.132240
-0.154485
-0.025952
0.526160
-0.079170
0.228643
-0.019014