3
2;15;3
-0.320000
0.310000
-0.279000
0.790000
0.957000
-0.857000
0.486000
-0.029000
0.180000
0.584000
-0.693000
0.862000
0.052000
0.471000
-0.497000
-0.104000
0.006000
0.406000
0.399000
-0.181000
-0.732000
0.702000
0.216000
0.870000
-0.978000
-0.028000
-0.493000
0.322000
-0.225000
0.118000
-0.825000
0.284000
-0.858000
0.577000
0.695000
0.104000
-0.874000
-0.937000
-0.403000
-0.226000
-0.882000
-0.561000
0.840000
0.911000
0.427000
-0.311000
0.351000
0.220000
-0.669000
0.625000
-0.121000
0.788000
0.220000
-0.945000
-0.558000
-0.927000
-0.467000
-0.691000
-0.241000
0.717000
-0.407000
0.812000
-0.555000
0.791000
0.802000
0.137000
-0.635000
0.089000
-0.750000
-0.023000
0.419000
-0.395000
-0.259000
-0.072000
-0.340000
-0.226000
-0.951000
-0.934000
0.775000
0.643000
-0.636000
-0.289000
0.051000
-0.466000
0.772000
-0.691000
-0.865000
-0.872000
-0.026000
-0.620000
-0.784000
-0.977000
-0.658000
-0.795000
0.642000
-0.557000
-0.500000
0.414000
0.909000
0.907000
0.038000
0.686000
0.993000
0.778000
-0.442000
0.460000
-0.527000
-0.222000
0.144000
-0.387000
0.942000
0.858000