5
192;16;16;16;8
-0.631000
0.449280
-0.187076
-0.744450
-0.486856
0.798627
-0.642868
0.554069
0.684690
0.536159
-0.899549
0.722246
0.149251
-0.617300
0.136068
1.268444
-0.576231
0.990000
-0.244154
0.670821
0.603120
0.638340
0.920249
0.775004
0.436955
0.767713
0.762242
-0.602986
0.446037
-1.022531
-0.094788
0.011185
-0.115626
-0.288668
-0.149000
0.421860
-0.879740
0.099374
-0.769398
0.620927
-0.188915
0.524463
0.189559
0.705757
-0.168204
-0.683107
-0.038369
0.724162
0.681938
-0.414486
-0.118175
-0.944000
0.757145
0.538613
-0.045972
-1.169905
0.800426
-0.110151
0.761966
-1.042164
0.051321
-0.366762
0.748231
-0.460086
0.245513
0.798611
-0.292914
0.478070
-0.652000
0.981037
-0.757298
-0.043596
0.308589
0.088281
-0.438454
0.160039
0.185851
0.730488
0.442785
-0.851697
0.206359
-0.525178
-0.887505
0.752731
0.143324
0.056000
0.970496
0.468019
-0.887402
0.769221
-0.376676
0.214574
-0.120725
-0.537552
-0.574401
0.069994
0.438914
-0.370166
1.039543
-0.432619
-0.202361
-0.775761
0.157000
0.971618
-0.068321
-0.948352
0.799529
0.352687
-0.581124
0.431517
-0.833639
0.609455
-0.930315
0.931439
-0.796581
0.177358
-0.522699
0.543813
-0.012076
-0.276000
0.184719
-0.388808
-0.327023
0.718997
0.749351
-0.500112
-0.509591
0.879221
0.775465
0.277794
-0.721943
0.002010
0.000098
-0.891467
0.564447
0.617481
-0.781000
-0.023554
0.042241
-0.584241
0.086951
-0.363909
-0.241304
0.628805
-0.132628
0.058840
-0.769013
-0.348152
0.072003
-0.186545
-0.704080
-0.139227
0.500217
0.175000
-0.903737
-0.180668
0.518302
0.482441
0.917466
-0.738045
0.504856
-0.710198
0.837476
0.764545
-0.514397
-1.012465
0.966351
0.321630
0.980031
-0.826776
0.811000
0.417774
0.923180
0.320985
0.904824
-0.871795
0.013723
-0.088774
-0.383673
0.917719
0.215767
0.168000
0.097467
-0.146397
-0.359527
0.048660
-0.736960
0.553000
-0.911011
-0.592812
-0.980671
0.542947
0.596662
0.234140
0.919891
-0.230785
-0.378713
0.519864
-0.839626
0.802525
0.839608
0.469717
-0.906962
0.123904
-0.409000
0.594723
-0.285455
-0.137187
0.497330
0.471537
0.628902
-0.074706
-0.389090
-0.885884
-0.907645
-0.334752
0.844024
0.505533
-0.108036
-0.608300
-0.931729
-0.657000
-0.013501
0.568027
0.753721
0.315476
0.665041
1.140057
0.496259
-0.328635
-0.287784
0.961135
-0.516396
-0.220403
0.298513
-0.147520
0.070440
0.247812
-0.744000
0.084756
-0.449144
-0.833951
0.241288
-0.934535
0.361304
0.609064
-0.653281
0.590321
-0.652309
-0.893212
-0.809855
-0.520442
-0.499548
-0.374475
0.606784
0.946000
-0.052061
-0.601720
0.767485
0.452172
-0.074311
0.782597
0.536887
0.128856
-0.814457
0.740003
-0.350334
-0.169517
0.905549
0.307857
0.000758
0.053875
0.644000
0.137577
-0.263069
0.670923
0.683391
0.361245
-0.249984
-0.441811
0.230176
-0.829703
-0.941028
0.990991
-0.286728
0.179758
-0.534815
-0.128665
-0.375362
-0.049000
0.888970
-0.288802
-0.424262
1.151605
-0.274958
0.659081
0.551300
0.840611
-0.719136
-0.029525
0.090285
0.007917
0.358266
0.195856
0.296345
-0.841998
0.435000
0.957757
0.241686
0.785228
0.178163
-0.052237
-0.250470
0.869027
0.163433
-0.567800
-0.438075
1.027387
0.076454
-0.332658
0.513574
0.674782
-0.080287
-0.859000
0.594900
-0.842389
0.389348
-0.304793
0.395129
0.331574
0.497912
0.722986
-0.625598
0.572242
0.153556
-0.287747
-0.826570
0.141583
-0.855009
-0.270559
-0.880000
-0.235679
0.939027
-0.380981
-0.384601
0.788163
0.706018
0.181582
0.242226
0.887450
0.566262
-0.853289
0.398289
-0.079623
0.380394
-0.109403
-0.848256
0.881000
-0.272458
0.621642
-0.534310
-0.186139
0.346745
-0.220610
0.239650
0.702248
0.546942
-0.428639
0.681016
-0.533997
0.613814
0.059761
-0.541010
0.042110
0.121000
0.480849
0.054095
0.313163
-0.102240
0.333245
0.306857
0.693711
-0.028943
0.604409
0.059873
0.870208
0.831988
-0.481920
-0.391910
0.131384
0.117605
-0.569000
-0.884032
-0.867252
-0.494753
0.307062
-0.815384
-0.486407
0.075474
-0.671056
-0.896200
-0.312614
-0.246441
0.136419
-0.473385
-0.778161
0.923089
-0.284253
-0.188000
0.073695
0.499922
0.499838
0.166461
0.044269
0.733558
-0.597794
0.227990
-0.079256
0.314517
0.247994
0.348560
-0.036592
-0.494380
0.214224
0.596229
0.485000
0.986152
0.127806
-0.313566
-0.178338
-0.564939
-0.071334
-0.963554
-0.434841
0.434262
0.315090
0.867938
0.140349
-0.139382
-0.231993
0.221596
-0.342928
-0.359000
0.283756
1.007396
0.732929
-0.866654
0.950902
0.211867
-0.780159
-0.484770
0.713313
0.039222
0.943683
-0.206911
0.964479
0.700387
-0.619901
-0.919899
-0.868000
0.933145
-0.446162
0.991990
-0.551028
0.279205
-1.021915
-0.746347
-0.400372
0.916106
0.025294
0.387565
0.633031
-0.751501
0.778324
-0.410478
0.009182
0.287000
0.410585
0.023065
-0.447811
0.502820
0.581147
0.552515
0.602523
0.562899
0.841866
0.199463
-0.532248
0.904613
-0.143199
0.751230
-0.865256
-0.787923
-0.197000
0.424880
-0.077123
-0.516266
0.086964
-0.906758
-0.820255
0.759733
0.230877
0.911007
-0.833498
-0.269649
0.218669
-0.862136
-0.579079
0.472188
0.265770
-0.945000
-0.025978
0.150121
-0.637384
0.087513
0.418562
-0.657248
0.983118
0.377191
0.411836
0.359443
0.920729
0.344049
-0.714161
0.352950
-0.848974
-0.500959
0.852000
0.610482
-0.654077
0.114505
0.575750
0.053208
-0.354438
-0.614144
-1.004574
-0.646726
-0.780013
-0.201627
0.882186
0.252369
-0.947950
0.463933
0.518059
0.403000
0.388093
0.292728
-0.615461
-0.155622
0.298427
-0.304765
0.514122
0.828622
-0.246665
-0.638440
-0.827359
-0.769113
-0.818846
-0.324313
0.604980
-0.244615
0.089000
0.314848
-0.487246
0.085916
0.128199
-0.099081
-0.616094
-0.605692
-0.591411
0.177429
-0.162258
0.758685
-0.423860
0.386957
0.992987
-0.346644
0.585980
0.241000
-0.402791
0.441445
-0.215359
-0.575939
-0.291549
-0.139875
-0.792375
-0.494457
0.309975
-0.609808
0.903382
0.831433
0.950223
-0.061660
0.255365
0.683833
-1.000000
-0.937900
-0.121517
0.819498
-0.240873
0.484758
0.713900
0.590243
-0.076627
0.502217
0.054574
-0.551651
-0.815521
0.076813
0.513385
0.543016
0.421914
-0.857000
-0.110680
0.073603
0.257165
1.027352
0.842834
0.380704
-0.624013
-1.044999
0.328820
0.832994
-0.701105
-0.631862
0.340207
0.989815
-0.170218
-0.648672
0.623000
0.138281
-0.285277
-0.925421
0.246957
0.686771
-0.665478
-0.712918
0.419308
-0.026056
-0.753304
0.950993
0.067056
-0.516021
-0.344795
0.027396
0.079874
0.640000
-0.803395
-0.894926
0.649394
0.677535
-0.402970
-0.555362
-0.640463
-0.585223
0.684158
-0.031897
-0.393395
0.926406
-0.664919
0.108727
0.468815
0.822723
-0.708000
-0.891720
0.759737
0.678663
0.848730
-0.925472
-0.394956
-0.554103
-0.185433
-0.426471
-0.874155
-0.847301
-0.736577
0.911522
-0.897070
0.776712
0.161645
0.006000
-0.459347
0.514805
-0.093207
-0.633940
0.563746
-0.126069
0.953519
-0.907545
0.785713
0.646303
0.877579
-0.392570
-0.366925
0.386000
-0.663383
-0.216333
0.402000
-0.433308
-0.551854
0.639686
0.613970
-0.712971
-0.799875
0.766301
-0.934276
0.495523
-0.021568
0.449188
-1.005094
0.235823
-0.252857
1.006801
0.948155
-0.910000
0.567024
0.715111
-0.160625
0.915229
-0.786923
0.135046
0.857647
-0.054243
0.361768
-0.621697
0.476253
-0.766166
-0.826141
0.244724
0.016152
0.095528
0.793000
-0.248373
0.048525
0.170974
0.490471
-0.763440
-0.599281
0.224126
0.067246
-0.910446
-0.358065
0.695025
-0.679996
0.305522
0.841231
1.003487
-0.326618
0.511000
-0.239129
-0.614691
0.079256
-0.652011
0.565131
0.794985
0.728133
0.378239
0.420197
0.046896
0.505555
0.025258
1.007548
-0.276483
0.720339
0.776650
0.550000
0.135915
0.130711
-0.079342
-1.068062
0.793045
0.984267
0.478485
-0.560839
0.658022
-0.086372
-0.719942
0.674080
-0.868744
1.000686
0.113794
-0.946117
0.448000
0.266491
0.609853
0.417369
0.025637
-0.351337
-0.467209
0.336106
0.425248
0.186892
0.039391
0.820068
0.901397
0.222594
0.858197
-0.076970
-0.070425
-0.757000
0.118342
0.024437
-0.160939
0.181829
0.344575
-0.122840
0.956487
0.441243
-0.172621
-0.451035
-0.091324
-0.891757
0.313840
-0.573856
0.719717
0.216350
-0.541000
0.684834
-0.220366
-0.679618
0.677285
0.132309
-0.519705
0.133606
0.575438
-0.517477
-0.124070
0.985918
0.684273
1.037818
-0.495758
-0.210303
-0.638993
-0.371000
0.569994
0.059320
-0.521364
-0.244003
-0.746155
-0.376444
0.541526
-0.704727
0.759496
-0.115334
0.517861
0.151657
0.690076
0.228625
-0.455195
0.440846
-0.352000
0.006376
-0.354330
-0.275306
-0.312189
0.288451
1.063768
-0.677901
-0.078081
0.627817
0.215164
0.456057
0.465392
0.210011
-0.305284
0.793778
-0.103526
0.141000
-0.805935
-0.013513
0.652098
-0.438824
0.331478
0.255001
0.132114
0.755022
-0.735048
0.552335
0.011597
0.774046
0.853627
0.690950
-0.451615
-0.709781
0.890000
-0.575599
-0.594420
-0.833036
-0.775144
-0.966177
0.901352
0.736886
-0.118075
-0.877166
0.811315
0.727702
0.603720
0.459841
-0.369182
-0.321334
-0.673905
-0.799000
-0.797773
0.876085
-0.331733
0.114744
-0.290627
-1.076053
0.657226
-0.641810
0.177121
-0.307255
0.248367
-1.044894
-0.354588
0.904633
-0.401634
-0.965693
0.332000
0.597753
0.319970
-0.536032
0.495439
0.665843
-0.431144
0.024912
0.750115
-0.260457
-0.317675
0.793764
-0.104171
0.966807
-0.350603
0.971234
-0.699973
0.598000
0.984704
0.038125
0.199244
0.325250
0.115202
-0.335179
-0.003797
-0.657897
0.779490
-0.178375
-0.788072
-0.650661
0.128918
0.858294
-0.694610
-0.235160
0.192000
-0.658168
0.198451
-0.116650
-0.019680
0.646988
-0.549531
-0.406672
0.180743
0.098628
0.605464
0.680925
0.861228
0.497814
1.013936
0.137798
-0.343695
0.209000
0.317598
0.441891
0.083813
0.380077
-0.349962
0.433538
-0.118075
0.691016
-0.159587
0.465027
0.281181
-0.411490
-0.345015
-0.925151
1.204313
0.886298
-0.603000
-0.608926
-0.090268
-1.000200
-0.264802
0.316783
-0.739680
0.687281
-0.308658
-0.110342
0.935599
0.415659
-0.387903
-0.722551
-0.467969
0.494288
-0.273998
0.127000
-0.111012
-0.215043
-0.177688
0.202570
0.466601
-0.048774
0.435456
0.738280
0.140361
-0.104866
0.685957
-1.027476
1.079898
0.642054
0.017855
0.528498
0.570000
-0.055170
0.575861
0.942166
-0.571655
0.673972
0.376849
0.073436
0.219020
0.866441
0.474584
0.735900
-0.737072
-0.556432
-0.191524
0.900791
0.565390
-0.931000
0.393991
0.274452
0.464288
-0.489055
-0.283029
0.120387
-0.797742
0.129275
0.520252
0.123520
-0.348305
-1.015951
-0.511450
0.600384
-0.673435
0.726936
0.814000
-0.421843
-0.120195
-0.134761
-0.528992
0.842451
-0.198524
-0.699600
-0.569769
-0.229167
-0.518207
-0.773773
-0.834028
0.151595
0.052918
0.340646
0.189159
0.098000
0.196931
-0.322649
-0.593721
-0.625947
0.617604
-1.017399
-0.757846
-0.805695
-0.222340
-0.056146
0.349771
-0.029630
0.919270
0.649598
0.906348
0.581455
0.542000
-0.013530
0.347510
-0.936065
0.162877
-0.098806
-0.239324
-0.012509
-0.940472
0.150317
-0.613442
-0.851973
-0.616223
-0.852414
0.805099
-0.037957
-0.240609
-0.445000
0.718800
0.712753
-0.279537
-0.758931
-0.194363
-0.065611
-0.367646
-1.025119
0.398774
-0.533209
0.223771
-0.086829
0.922345
-0.718896
-0.104273
0.577512
0.091000
0.283078
0.505857
-0.830470
-0.976605
0.243305
0.005581
0.328286
0.776446
0.888609
0.454996
-0.115819
0.329520
0.189281
0.363904
0.470964
-0.668845
0.129000
-0.454313
0.511742
0.740038
0.687307
0.690845
0.734375
0.473485
0.505791
-0.344796
0.557280
0.893308
-1.005712
0.141094
0.587916
0.300783
0.255558
-0.012000
-0.489636
-0.365762
-0.523523
0.841336
0.540447
-0.329316
0.770298
-0.195467
0.642795
0.158588
-0.378489
0.859304
0.088725
0.190839
-0.575331
0.786243
-0.783000
0.678001
-0.709432
-0.489221
0.302607
-0.202705
-0.086066
-0.080593
0.660672
-0.513559
-0.150021
-0.274954
0.072176
-0.030199
-0.331669
-0.396638
-0.315661
-0.408000
-0.428355
0.279848
-0.279297
-0.517667
-0.259580
-0.681401
-0.620170
0.809839
0.086939
-0.494368
0.067059
0.297522
-0.720060
-0.067094
-0.628231
-0.396196
0.484000
-0.613751
-0.174975
0.705999
-0.813686
-0.410398
-0.266547
-0.665723
0.586085
0.435404
0.558730
0.578916
-1.011581
-0.056524
0.105536
-0.800754
0.399322
0.556000
-0.927722
0.055040
0.133507
-1.210264
0.726216
-0.312364
0.349654
-0.729112
0.998091
-0.470430
-0.258638
-0.132234
0.617309
-0.934141
-0.614664
0.330767
0.682000
0.570439
0.349442
-0.379258
0.201015
0.241869
0.615112
-0.602565
0.530458
0.145757
0.512150
0.853187
0.156271
-0.415659
0.568034
-0.130515
0.040951
0.136000
0.386410
0.168184
0.928604
0.038771
0.588942
0.528668
-0.604570
0.522893
0.233107
0.303937
-0.111719
-0.054073
0.284054
0.943615
0.977982
-0.857063
0.811000
0.784040
-0.929834
0.978797
-0.035286
0.883523
0.769749
-0.440630
0.065803
-0.321398
0.254360
0.515178
0.849690
-0.326697
-0.942410
-0.890579
-0.569262
0.720000
0.028754
-0.120225
-0.838401
-0.169002
-0.955852
0.449337
-0.770390
-0.996016
0.263935
-0.634205
0.313262
0.446632
-0.838288
0.114514
-0.239338
-0.162379
0.172000
0.133587
0.342131
-0.783213
0.512428
-0.745495
-0.162476
-0.206924
-0.833235
0.342602
-0.018011
0.637937
0.895442
-0.704994
0.159656
-0.321237
0.177654
0.933000
0.102069
-0.954611
-0.754482
-1.047395
-0.570444
0.468999
-0.727844
0.620530
0.213785
0.003302
0.353896
-0.321576
-0.337995
-0.727386
-0.138390
-0.709012
0.223000
0.095533
0.904935
-0.619461
-0.420284
0.849513
-0.465653
0.866540
0.792494
0.056318
-0.635287
0.170554
0.572909
0.041369
0.249018
-0.067689
0.304617
0.938000
0.125246
-0.669902
0.952699
0.956442
0.255547
1.108835
0.474207
-0.754276
-0.743662
-0.440608
0.218580
0.789005
0.033068
-0.582735
-0.300848
-0.181195
-0.996000
0.348695
-0.262109
0.279433
-0.250806
0.119262
0.737533
0.365622
0.363281
-0.790932
-0.454770
-0.756590
0.612095
0.600642
-0.183267
0.845603
0.348503
0.177000
-0.092952
-0.843105
-0.926757
-0.228300
0.946066
-0.194990
-0.347237
0.877183
-0.229486
0.402874
-0.707194
0.795235
0.179729
-0.155795
0.181458
0.462497
-0.550000
0.561644
0.399154
0.377969
-0.368191
0.694712
-0.078839
-0.035309
-0.969987
0.259017
-0.453275
-0.851826
0.692641
0.995602
0.458463
0.196358
0.351769
-0.351000
-0.486377
0.468357
0.834117
-0.629163
-0.885514
0.615507
-0.826910
0.578812
0.055348
0.912027
0.348142
-0.585254
-0.063123
-0.896064
0.526500
0.971636
-0.888000
0.592412
-0.109429
0.569444
-0.409605
-0.188961
-0.587485
-0.933096
-0.855417
-0.627823
-0.981793
1.005423
-0.611872
0.448807
-0.139367
0.018678
-0.620391
-0.458000
-0.892930
0.923079
-0.874681
-0.467746
0.558907
0.275681
0.038467
-0.123204
-0.626587
-0.468224
0.293085
0.141857
0.155057
1.014908
-0.245201
0.012321
0.672000
0.704422
-0.034868
-0.449408
0.108120
0.599530
-0.153687
-0.089967
-0.376027
0.569286
0.861493
-0.321724
-0.269949
0.539202
0.699280
0.507278
-1.017192
0.467000
0.708890
-0.624753
-0.486034
0.627367
-0.854745
0.395671
0.513931
-0.626208
-0.764550
0.874756
1.127122
-0.607693
-0.240152
-0.621173
-0.367378
0.445345
0.998000
-0.415521
0.042092
0.243011
0.128004
0.035613
0.375026
0.385403
0.789093
-0.781225
0.808445
0.227443
-0.374848
-0.152402
0.910626
0.313639
-0.809874
-0.742000
0.340234
0.162126
-0.315232
0.383225
-0.312300
0.240333
0.402286
-0.898445
-0.054283
0.736885
0.109110
-0.664617
-0.050276
0.838485
0.454271
0.594024
-0.001000
0.837240
0.466636
-0.193140
0.545555
0.125651
0.027159
0.167936
-0.787673
-0.230982
0.223418
-0.799694
-0.606084
-1.010077
-0.006167
-0.405969
-0.765089
0.559000
0.767374
0.527222
-0.973365
-0.704877
-0.710328
-0.589945
-0.960127
-0.263722
-0.038685
-0.252545
-0.300487
0.099522
-0.536521
0.057519
0.013702
0.671991
-0.853000
-0.421451
-0.789291
0.134249
-0.863583
0.791927
0.392703
-0.068692
-0.152256
0.894158
0.631940
0.151313
-0.283530
0.860272
-0.706082
-1.052137
-0.078225
-0.892000
-0.106657
-0.849797
0.064956
-0.591514
0.815076
-0.009162
-0.040914
-0.932431
0.710833
0.463193
-0.368917
-0.292536
-0.449323
-0.674388
-0.095196
-0.823299
0.413000
-0.323535
0.365652
-1.000789
-0.560047
0.896846
0.032362
0.441797
0.573263
0.091966
0.926065
-0.867561
-0.886144
0.566164
0.455290
-0.429235
-0.064134
-0.841000
-0.329976
-0.036109
-0.010322
-0.157316
-0.861561
0.889482
-0.795265
0.864509
0.260895
-0.095161
0.136980
0.690491
-0.169844
0.359535
-0.019860
-0.336679
-0.199000
-0.456097
0.690140
-0.841091
-0.053309
0.960187
-0.695853
0.833026
-0.443910
-0.059487
0.777932
0.394509
-0.882351
0.727119
0.187570
-0.309282
-0.890376
0.867000
0.897687
-0.614089
0.197038
-0.201861
0.339564
0.333288
-0.531790
-1.056166
-0.040806
0.810993
0.214665
-0.425984
-0.833877
-0.271006
0.168249
0.232163
-0.927000
-0.359652
-0.075942
-0.170851
-1.116763
-0.614545
0.218361
0.303949
0.736045
-0.520723
-0.964869
0.521779
0.074356
0.269941
0.268781
-0.004043
-0.525910
0.267000
-0.886909
-0.112623
-0.557838
0.667682
0.059762
-0.072591
0.341736
-0.800256
-0.359428
-0.512330
0.534508
0.222418
-0.771826
0.337255
-0.679088
-0.392256
0.253000
0.035099
0.284909
-0.978420
-0.336837
0.479397
0.899840
0.251509
-0.063489
0.389198
-0.927790
-0.799068
-0.189820
0.968557
0.108072
0.467996
0.476103
-0.381000
-0.774808
-1.063295
-0.784757
-0.724752
0.733824
-0.348174
-0.559475
-0.776857
0.328609
0.764112
0.834204
-0.548641
-0.848007
0.595176
-1.024744
0.044873
0.887000
0.735620
-0.307413
-0.672189
-0.811248
0.539762
-0.663647
-0.737575
0.512732
0.760444
-0.631855
0.145187
-0.091629
0.143464
0.931661
0.482464
-0.822687
-0.221000
-0.566501
0.380251
0.404419
-0.168426
-0.424990
0.180443
0.346859
-0.704448
0.898452
0.751436
-0.850337
0.686825
0.934862
-0.355328
0.065410
-0.715976
0.704000
0.342164
-0.067315
-0.890535
-0.759710
0.182039
-0.420190
-0.606989
0.339084
-0.904941
0.843730
0.888411
-0.779305
0.721925
0.377487
0.565942
-0.772388
0.710000
0.057106
-0.203619
-0.861178
0.052083
-0.882293
-0.694854
-0.303513
-0.142544
-0.020514
-0.798127
0.150611
0.030004
0.783246
-0.842381
0.258423
-0.132271
-0.562000
-0.689174
0.957150
0.817122
-0.244206
-0.410852
0.754488
-0.200223
-0.524543
-0.320946
-0.100146
-0.375632
0.897155
0.332760
-0.418481
0.678897
-0.762806
-0.334000
-0.298522
0.106485
-0.960279
-0.688520
-0.581112
-0.578105
0.825185
-0.652546
-0.879712
-0.945312
0.898673
0.082675
0.936194
-0.180760
-0.096958
-0.302184
-0.039000
-0.311376
-0.371543
0.022365
-0.679536
-0.529329
-0.873748
0.895635
0.533570
-0.609989
0.684153
-0.612551
-0.492128
0.200644
-0.869010
0.056570
-0.089904
-0.827000
-0.281588
0.202235
0.760254
0.583324
-0.153905
-0.102168
0.999074
0.019668
-0.735191
-0.469587
-0.669225
-0.839024
-0.229802
0.319844
-0.652389
-0.742929
-0.109000
0.737518
-0.548068
-0.740623
0.497775
-0.372517
-0.869206
-0.399258
-0.126671
-0.278659
-0.470406
0.080283
-0.189559
0.652624
0.102756
1.016363
-0.584466
0.689000
-0.545243
-1.054528
-0.625487
-0.168890
0.853842
-0.290462
0.916100
-0.237337
0.331159
-0.566870
-0.468940
0.353758
0.398787
0.694115
0.282194
0.233900
0.925000
0.813531
0.960042
-0.470229
0.584849
-0.453781
1.336438
0.087283
-0.016428
0.459260
-0.910950
0.255882
0.638433
-0.738115
-0.941165
0.506047
0.408234
0.101000
-0.389609
0.122643
-0.193787
-0.230660
0.936071
-0.133698
0.060249
0.674168
0.258529
-0.877967
-0.795642
-0.083288
0.716098
-0.649220
-0.122469
0.316774
0.688000
-0.051118
-0.187553
0.618744
-0.335496
-0.307709
-1.189797
-0.377783
-0.927340
-0.592505
0.575968
0.717289
0.711140
0.481174
0.121993
-0.871031
0.905789
-0.059000
0.808923
0.421250
-0.331844
0.053262
-0.737648
0.462815
0.408173
0.360985
0.926867
-0.113813
0.988287
-0.290351
-0.425780
-0.832618
0.334781
0.159211
-0.903000
0.557341
-0.006046
-0.415743
0.770057
0.258145
0.847927
0.639663
0.490618
0.377043
-0.321968
-0.737303
0.367098
0.542330
-0.334845
-0.286988
-0.875424
0.808000
-0.833169
-0.611143
-0.941098
0.307862
-0.081430
-1.238307
-0.782063
-0.426214
0.331767
0.280283
-0.337122
-0.521635
-0.703307
-0.051542
0.520041
0.539470
0.094000
0.404951
0.478780
0.343110
-0.339943
0.570831
0.336774
-0.381166
-0.248473
-0.216026
-0.254013
-0.701533
-0.567116
-0.458614
-0.294104
-0.555109
0.690275
0.003000
0.154777
-0.211824
-0.350321
-0.848099
-0.628319
0.677812
0.794071
-0.632773
-0.060912
0.090850
-0.513840
-0.411739
-0.305706
-0.651224
-0.036497
0.872441
0.126000
-0.001614
0.128356
-0.449342
-0.680490
-0.817980
-0.518517
0.130196
0.555172
-0.138596
0.597237
0.292878
0.690628
0.262467
0.509155
0.197981
-0.742463
0.857000
0.830764
-0.190505
-0.616227
-0.437686
-0.313348
0.628640
0.032171
0.122694
-0.655024
0.519795
-0.661334
0.727047
0.567102
-0.418347
-0.320724
-0.707780
0.094000
-0.365402
0.267411
0.637104
0.200152
0.224745
-0.264881
-0.790180
-0.903121
-0.568855
-0.861761
-0.643092
-0.133808
0.274023
-0.360307
0.445669
-0.317085
-0.946000
0.105643
0.499151
0.582781
-0.351580
0.171520
-0.818328
0.574608
-0.958063
-0.979820
-0.083397
-0.783365
-1.011848
0.209169
-0.514878
-0.958386
-0.815774
-0.017000
0.515890
0.663818
-0.316722
-0.455210
0.531910
0.666794
-0.514418
0.598031
0.088858
-0.141728
-0.173537
-0.508676
-0.236333
0.578667
-0.500853
0.426999
0.389000
0.335376
-0.059917
0.561495
0.488608
-0.151064
0.143425
-0.687942
-0.137810
-0.227555
0.518624
-0.221660
-0.941069
-1.059453
-0.726421
-0.287998
0.131256
0.271000
-0.646729
-0.793279
-0.329453
0.600397
0.741111
0.344678
0.896390
-0.254013
0.724973
-0.343915
-0.266213
-0.737679
0.584592
-0.897371
0.515208
-0.646660
0.924000
0.518156
1.258761
-0.815347
-0.835665
0.053429
0.766582
0.596447
-0.479120
-0.861727
-0.079390
0.143937
0.013572
0.207254
0.717830
-1.096110
0.488907
0.698000
0.492731
-0.881865
-0.200457
0.659093
0.852783
-0.540012
-0.802026
-0.433567
-0.068972
-0.562897
0.646326
-0.769138
0.117919
-0.858325
-0.379391
-0.237191
0.535000
0.045063
-0.434250
-0.884927
0.348187
0.798856
0.482842
0.638166
0.787337
-0.899654
0.258680
-0.550869
0.874837
-0.889156
1.011603
0.077742
0.674929
-0.973000
0.690887
0.922100
0.773457
-0.484128
0.195273
0.211051
0.837708
0.809576
0.584845
-0.112337
-0.319972
0.342261
-0.276155
0.768324
0.044519
0.188600
-0.074000
0.001637
-0.415253
-0.471645
0.169608
-0.507130
-0.288506
-0.623287
0.327338
0.171440
-0.422729
-0.844632
-0.907845
-0.539850
-0.265216
-0.697778
-0.687356
0.579000
0.829887
-0.539532
0.010897
0.748337
-0.038450
0.288978
0.797009
0.566014
0.925968
-0.762726
0.636101
0.332283
0.187130
0.838892
0.628754
0.564264
-0.537000
0.644787
0.692268
0.707606
-0.557197
0.141640
1.189040
-0.116993
0.296808
-0.214342
-0.861844
0.545968
0.468638
0.168915
0.235707
0.013730
-0.916125
-0.158000
-0.161457
-0.876694
0.769815
0.734877
-0.779192
0.405150
-0.066783
-0.654258
-0.045019
0.443010
-0.393976
-0.692196
-0.261762
-0.717353
-0.508346
0.885084
0.980000
-0.853578
-0.878226
-0.584766
-0.239437
-0.510646
0.686687
0.411268
0.070616
0.976247
-0.448202
0.851856
-0.889220
-0.675268
0.361280
-0.593126
0.020730
0.194000
-0.884414
0.400480
0.718810
-0.306560
-0.577811
0.666147
0.722444
0.368943
0.305878
0.429368
0.941611
-0.640560
-0.582078
0.430348
0.076302
-0.204327
0.415000
0.596729
-0.853487
0.263045
0.287133
0.963313
1.072291
-0.720986
0.718563
0.890414
-0.660830
-0.025843
-0.802230
0.780976
-0.774262
0.576974
0.485624
0.426000
0.385356
-0.402179
-0.541903
-0.846680
0.516360
-0.021672
-0.868696
0.883081
-0.392350
-0.828313
0.059748
-0.912220
-0.618664
0.995889
-0.306317
0.542147
-0.133000
-0.513305
1.084015
-0.971193
-0.474587
0.391501
0.647872
0.762586
-0.762060
-0.130195
-0.945047
0.765997
-0.792553
0.490340
0.958064
-0.507303
0.701767
-0.831000
0.116822
0.055515
0.281400
0.017992
0.475690
-0.277057
0.090749
-0.197235
0.595413
-0.020664
-0.059984
0.697474
-0.581944
-0.418606
-0.187098
-0.840863
-0.269000
-0.683382
-0.790846
0.932648
0.191220
-0.017156
0.069765
-0.608440
0.682680
-0.538398
0.447276
-0.309243
0.340503
-0.606109
-0.175607
0.546224
-0.544200
0.677000
-0.606704
1.016811
0.524707
0.621851
-0.476319
-0.261322
-0.803809
0.041136
0.187786
-0.123301
0.836227
0.884135
-0.179585
-0.298292
-0.821105
-0.457953
0.692000
0.126777
-0.865552
0.593673
-0.676686
-0.002697
-0.173626
0.961863
-0.105818
-0.073418
0.852871
-0.330122
0.531249
0.684110
0.851241
-0.807496
0.280897
0.354000
0.312960
0.424480
0.732603
0.695600
-0.710176
0.549459
0.965685
0.418782
0.979214
-0.623391
0.868635
-0.624811
-0.294811
-0.286551
0.551349
-0.691934
0.954000
0.526820
0.919636
-0.003252
0.279460
-0.562466
-0.008422
0.190959
0.652819
0.323796
0.666356
-0.529099
-0.370169
0.773074
0.130406
0.633963
-0.876493
0.162000
0.379858
-0.795353
0.899309
-0.187521
-0.567355
0.590172
0.346648
-0.282106
-0.076364
0.771268
-0.631815
0.197583
0.293578
-0.085759
-0.397169
-0.695763
0.148000
0.683007
-0.285048
0.513461
0.126743
-0.605129
0.621696
0.402965
-0.014340
0.098915
-0.761064
0.322326
0.088766
0.079615
0.584250
0.563736
0.915328
-0.991000
0.612757
-0.373216
0.561728
0.522528
0.085369
0.061392
0.487812
-0.511450
-0.136497
-0.893389
0.465436
0.080851
-0.786789
-0.541964
0.943086
-0.655302
-0.940000
-0.976308
-0.477357
-0.958585
0.207385
-0.267665
-0.044936
0.748149
-0.725340
0.416750
-0.874204
-0.618350
-0.184382
-0.009844
0.186694
-0.149548
-0.030556
-0.630000
0.153338
-0.559122
0.748893
0.106919
0.239176
-0.814479
0.348265
-0.977450
0.841890
-0.873418
-0.853570
-0.937756
0.557866
0.985025
-0.813477
-0.797916
-0.921000
0.110560
-0.493776
-0.734696
-0.165527
0.945294
0.464841
-0.183635
0.580848
0.117330
0.579206
-0.028430
-0.212906
-0.283052
0.320602
0.247872
-0.765961
0.157000
0.484225
0.173071
0.578230
0.097397
-0.504384
-0.920382
0.243161
-0.671925
-0.330976
0.540879
0.475915
0.244204
0.898796
-0.818800
0.665609
-0.807685
0.372000
-0.753393
0.641200
-0.821806
-0.634734
0.771403
0.325538
0.643870
0.743763
0.231064
-0.530911
-0.425428
-0.672297
-0.604515
0.508254
-0.161737
0.418968
0.014000
0.246511
0.173997
0.015029
-0.242494
0.679989
-0.343964
-0.798780
0.346348
0.424515
0.593507
1.054043
-0.460993
-0.682594
0.380325
-0.713878
-0.862176
0.470000
-0.382024
-1.068560
-0.536309
-0.096514
0.631810
0.288238
0.354328
0.007201
0.403806
0.635608
-0.742773
-0.757845
-0.633260
-0.378301
-0.219739
-0.465740
0.043000
-0.700026
-0.476544
0.001504
0.699872
0.883782
-0.970903
-0.967491
-0.268476
0.600338
-1.006074
0.760124
0.666642
-0.435208
0.869473
-0.472766
0.154246
-0.959000
0.806847
1.152027
-0.453341
0.571300
0.753811
0.475133
0.459712
-0.634620
-0.189329
0.841136
-0.536042
0.901549
0.648447
0.767025
0.059240
-0.322729
0.481000
0.184835
-0.592857
-0.729479
0.015079
0.543655
0.689550
0.604604
0.524782
-0.389945
-0.360274
0.749726
-0.174167
-0.407992
0.296763
-0.102400
-0.634699
0.882000
0.960045
0.317464
0.390932
-1.153647
0.619628
0.133006
-0.258775
-0.543648
0.454042
-0.648553
-0.691634
0.798070
0.467051
-0.792308
-0.628796
0.195959
0.042000
0.620987
0.580547
0.549666
-0.185783
0.640221
0.379326
0.075313
0.614943
-0.016578
-0.544407
0.816393
0.192993
0.264569
0.936162
-0.996867
0.908810
0.539000
0.446034
0.433505
-0.373991
0.595725
-0.928060
0.840264
0.828505
0.326953
-0.067508
-0.463982
0.139346
-0.988274
0.005940
0.411005
0.029540
0.628935
-0.120000
0.917909
0.097938
-0.480315
-0.305733
0.884213
-1.064195
0.972441
-0.446187
-0.309219
-0.747276
-0.248612
-0.667185
0.254521
-0.069836
0.073599
-0.386023
0.811000
0.899283
-0.182142
-0.799836
0.866573
0.067821
0.844615
-0.029668
-0.659457
-0.325763
0.612116
0.399512
-0.604589
0.157859
-0.834101
0.334619
-0.901125
-0.077000
0.749459
0.526691
-0.120069
0.305711
-0.832505
0.597748
0.293371
-0.636505
-0.701430
0.098571
0.635087
0.335463
0.596446
0.168352
0.251679
0.929212
0.666000
0.137008
0.714936
-0.088740
0.193110
-0.942488
-0.956463
-0.149823
-0.733941
-0.099415
0.522783
0.634060
0.404274
0.485450
0.545287
0.166076
-0.343961
0.220000
0.105007
-0.100347
-0.599010
0.932138
-0.236164
-0.695577
0.991117
-1.008212
-0.195843
-0.903254
0.859262
0.192269
0.330977
0.841708
0.072539
-0.428281
-0.549000
-0.032942
-0.044508
-0.687675
0.082230
0.573878
0.384936
0.041072
-0.264479
-0.577847
-0.978667
0.634233
0.183071
0.567708
0.632748
-0.944867
0.858756
-0.925000
-0.615567
-0.630023
-0.503698
0.057818
0.096443
-1.121544
-0.704591
-0.561318
0.858108
0.701258
0.641902
-0.061678
0.499890
0.710072
-0.434650
0.760068
-0.765000
-0.794421
0.138705
-0.032411
0.606392
0.295145
-0.365012
-0.081736
-0.378515
-0.538741
0.483086
0.921366
-0.177191
-0.464808
0.189346
0.268825
0.863437
-0.347000
-0.445965
0.559256
0.151450
0.564647
0.163500
0.252679
0.199676
-1.002735
-0.562507
-0.849654
-0.022087
-0.260249
-0.266398
0.164131
-0.226946
-0.493767
-0.991000
0.179550
0.027360
0.787500
0.005721
-0.724113
0.417120
-0.486068
-0.666435
-0.290376
-0.261514
-0.560177
0.480780
-0.972538
-0.534003
0.369639
0.089600
-0.364000
0.141934
1.467582
0.583489
0.285623
0.224196
-0.294861
0.875978
-0.793196
-0.196909
0.463078
0.902063
0.290682
0.855154
0.933408
-0.220857
-0.116450
0.140000
0.705393
-0.719898
0.696818
-0.548548
0.896605
-0.560414
0.908548
-0.693031
-0.617239
-0.208402
0.985905
0.075284
-0.788685
-0.493386
0.087430
0.263732
-0.576000
-0.903378
0.077231
0.520331
-0.629573
-0.445956
0.214708
0.808079
-0.227070
0.725014
-0.247709
-0.308221
0.795631
0.762079
-0.676770
-0.511146
0.598723
0.388000
-0.578032
0.564413
-0.334591
0.381362
0.390635
0.695949
-0.960377
0.030714
0.915596
-0.929942
0.938119
0.328515
-0.390933
-0.201826
0.079359
-0.933333
-0.277000
-0.046460
-0.821828
-0.836863
0.285853
-0.053505
0.732448
-0.936944
0.866971
0.080774
0.065096
-0.603650
-0.210018
-0.826058
0.969378
0.465445
0.387659
-0.441000
0.440578
-0.161782
-0.128542
0.842120
-0.751762
0.568919
0.305139
-0.041198
-0.168285
-0.616756
0.077243
0.380928
0.429852
0.517001
-0.459779
-0.563212
-0.521000
0.532452
-0.127256
0.750330
-0.067804
-0.140098
0.669696
0.773592
-0.841529
-0.514004
0.513715
0.968559
-0.419620
0.453993
-0.629153
-0.806416
-0.357930
0.204000
0.549968
0.342861
0.595245
0.150615
-0.465134
-0.583453
-0.013004
-0.447192
0.345044
0.939563
0.803659
-0.273068
-0.014028
-0.436041
-0.837820
0.603786
0.641000
-0.027154
-0.664232
0.738295
-0.042229
-0.881229
0.268443
0.193029
-0.557592
0.602325
0.523546
-0.798600
0.405056
-1.031568
-0.073967
0.629436
0.473118
-0.696000
0.851397
0.860814
0.687618
0.292359
0.004556
1.041991
-0.749936
-0.765719
0.913626
-0.057677
-0.080164
-0.065155
0.791648
0.728888
0.802710
-0.625312
0.945000
0.521979
-0.744072
-0.021860
-0.438235
0.240273
-0.018760
-0.295343
-0.285768
0.929580
-0.063574
0.446139
0.575918
0.892836
0.568956
0.860999
-0.535383
-0.697000
0.215450
-0.738588
-0.663534
0.039909
-0.354331
0.758697
0.668684
0.661592
0.949699
-0.507750
0.868501
-0.712150
-0.485576
-0.352232
0.633988
-0.947335
-0.115000
-0.486172
0.945470
0.263080
0.853885
0.458021
-0.519093
0.710661
-0.618569
0.743621
-0.857806
-0.611722
0.286542
0.676901
-0.629268
-0.667737
0.117613
-0.188000
-0.427219
-0.858658
-0.636340
0.731438
-0.482647
-0.825765
-0.831255
-0.999249
-0.246618
-0.463894
0.056796
-0.018984
0.440232
0.755461
0.761831
-0.962217
0.126000
0.598949
0.145193
0.438589
-0.341932
0.717706
0.574863
-0.179189
0.691374
0.489498
-0.729625
-0.772084
0.416048
-0.391675
-0.149008
0.394742
-0.602750
-0.684000
-0.714329
-0.473425
-0.207077
0.507971
0.011692
-0.306101
-0.551664
0.790692
-0.376648
0.640747
0.843605
-0.229656
0.972250
0.283453
0.340971
0.797625
-0.328000
0.546792
-0.461399
0.616337
-0.743229
-0.722931
0.395930
0.677959
-0.292553
0.172749
0.923372
-0.158519
-0.879982
-0.549574
-0.159427
-0.953954
0.002161
0.873000
0.147458
-0.150558
-0.843693
0.677211
0.338673
-0.660966
-0.683471
-0.540091
-0.837997
0.942470
0.388035
0.810150
-0.382286
0.765052
0.751306
0.476085
0.952000
-0.884242
-0.293028
-0.891240
-0.795302
-0.767911
0.567532
-0.455815
-0.491169
0.937374
-0.343409
-0.691820
-0.411188
0.100074
0.336316
0.546097
-0.504464
0.426000
-0.223321
0.541720
0.827266
-0.194522
-0.762138
-0.670248
0.656376
-0.170407
0.271853
0.437550
0.249335
-0.814838
0.409329
0.354546
0.387935
0.180562
0.832000
0.791023
0.137800
-0.662459
1.139154
-0.758053
0.457397
-0.116362
0.659174
-0.078908
-0.059046
0.374778
0.060624
0.965882
-0.423498
0.109047
0.866537
-0.727000
-0.571901
0.954194
-0.155926
-0.258567
-0.361734
0.244311
0.637804
0.152567
-0.023354
0.678319
0.162462
-0.416048
0.967399
0.238509
-0.118913
0.870578
-0.880000
-0.522479
0.771966
0.806759
-0.884900
-0.426043
-0.562771
0.917205
-0.126211
1.311480
0.770292
0.403833
-0.596455
0.017817
-1.049053
-0.989035
-0.347551
-0.921000
-0.268246
0.843388
-0.944160
-0.622620
-0.197389
-0.451961
-0.031965
-0.193157
-0.497683
0.432157
-0.264189
0.193972
0.491849
0.460002
0.808248
0.608464
0.373000
-0.469626
-0.169530
0.584067
0.648522
-0.022700
0.208191
-0.040049
-0.088800
0.528699
-0.752626
-0.068746
0.156193
0.537202
-0.060274
0.284445
0.337951
-0.797000
0.801771
0.292298
0.854577
-0.826606
0.191328
-0.704061
0.079956
0.200553
-0.062745
0.635178
-0.344298
-0.347430
0.662754
-0.018276
-0.874654
-0.333631
-0.609000
0.920520
0.202041
0.724404
0.565568
0.784055
-0.595224
-0.120463
-0.358277
0.230958
-0.234525
0.662062
-0.315960
0.135136
-0.063899
-0.493018
0.607872
0.409000
-0.848354
0.394677
0.882981
-0.805797
-1.073269
0.681370
0.982980
-0.055068
-0.779104
0.814903
-0.484931
-0.649688
0.977888
0.113929
0.329676
-0.547342
-0.788000
0.653284
-0.833715
0.167179
-0.801405
-0.277440
-0.267256
-0.101773
-0.949422
0.775989
0.279685
-0.398554
0.484536
-0.885499
0.541674
0.138003
0.412799
-0.533000
-0.430406
-0.845001
1.223381
0.763160
-0.604421
-0.194295
-0.568019
0.946009
0.730465
0.557379
0.136601
0.431194
0.405804
-0.022416
-0.847328
-0.176402
-0.590000
-0.622244
-0.913978
0.666011
-1.127207
0.897501
0.210508
-0.494136
0.463432
-0.560009
0.674967
-0.896272
0.255866
0.277753
-0.677001
0.390369
-0.884877
0.476000
-0.764404
0.138053
0.506155
-0.004616
-0.187560
0.130117
0.299899
-0.717330
-0.161885
0.696970
-0.011749
-0.642392
0.357175
0.944223
-0.120575
1.011029
0.518000
0.708847
0.770879
-0.952859
0.071459
0.554500
-0.906174
-0.676443
-0.361361
-0.467205
-0.020980
0.174897
-0.297648
-0.772576
-0.919003
-0.398921
-0.507405
0.379000
0.758575
-0.527260
-0.180733
-0.471716
-0.474532
-0.219576
-0.067209
0.306263
0.420629
-1.002578
-0.302241
-0.040074
-0.292934
-0.947207
0.580133
-0.430314
0.410000
-0.577150
0.422216
-0.196227
0.612134
-0.305478
0.599677
0.179774
-0.298378
0.341903
-0.412094
0.491891
0.175910
0.634298
0.772205
-0.479900
0.885464
0.796000
-0.258095
0.631026
-0.317445
-0.334194
-0.706235
0.745060
0.666009
0.649016
0.375681
0.990980
-0.787907
-0.689491
-0.832142
-0.774033
-0.187013
-0.559103
-0.547000
-0.356872
0.227654
-0.100360
-0.673552
-0.417574
0.170992
-0.608200
-0.949683
0.734890
0.155071
-0.852950
1.053870
-0.488721
-0.953330
-0.771127
-0.350066
0.569000
-0.647959
0.214359
0.293195
0.564212
-0.430616
0.436694
-0.113616
0.676142
-0.454291
-0.038305
-0.803618
-0.668615
0.199860
0.077713
0.766074
-0.858942
-0.431000
0.555732
-0.135338
0.864921
0.019016
0.392100
-0.681184
0.147945
-0.444311
-0.496372
0.274084
0.504782
-0.281432
-0.672320
0.874903
-0.045082
0.683351
0.342000
-0.247334
0.328098
-0.459926
0.740971
0.571888
0.578508
-0.693378
0.202251
0.096085
0.829423
0.861644
0.214991
-0.637104
0.684602
-0.632710
-0.646640
0.635000
0.178207
-0.105917
0.384300
-0.266912
0.309272
1.063424
-0.993094
0.976304
0.047729
0.623969
-0.942187
-0.599069
-0.649296
-0.086258
0.623324
0.107510
0.710000
0.817139
0.164096
-0.375916
0.150183
0.698846
-0.382610
-0.751912
0.691384
-0.003488
-0.755613
0.329475
0.013561
0.165025
0.341185
-0.442514
0.535492
0.882000
-0.818021
0.367298
0.150638
-0.701133
0.227567
-0.968888
-0.278382
0.947472
0.897465
-0.175565
0.788321
0.479832
0.923284
0.078288
-0.210512
0.553234
-0.110000
-0.661188
0.416329
0.023846
0.023541
0.909460
0.046818
0.535137
-0.060632
-0.342857
0.235118
-0.912988
0.212024
0.396896
0.348081
-0.116836
0.976647
0.831000
0.326383
-0.924952
-0.303738
0.247591
0.787081
-0.234355
-0.311512
0.298723
-0.721232
0.256906
-0.900371
0.202457
0.641457
0.274232
0.961847
0.955570
0.778000
-0.686762
0.566167
-0.480616
-0.663568
0.469970
-0.193293
-0.167559
0.680470
0.728567
-1.126305
0.107169
-1.007392
0.683934
1.086997
-0.445838
0.478312
0.266000
0.350105
-0.452314
-0.596550
0.840794
-0.347153
0.512799
-0.058403
0.154706
0.337348
-0.574370
0.365765
-0.857634
0.022111
-0.202220
1.063650
0.903209
-0.648000
-0.066457
-0.475610
-0.541226
-0.007157
-0.914882
0.500174
-0.576428
0.508182
-0.839243
0.114816
0.572764
0.046367
-0.458397
0.331936
0.555187
0.136529
-0.678000
0.409146
-0.197533
0.303927
0.594180
0.141610
0.545520
-0.721912
1.007326
-0.226149
-0.258282
-0.569146
-0.073601
-0.823711
-0.674794
-0.569542
0.477641
-0.008000
0.304122
-0.748336
-0.287000
1.050319
0.787849
-0.431989
-0.442191
0.179402
0.587609
1.021679
0.162595
0.399234
-0.786268
-0.294835
-0.406885
0.906975
-0.728000
0.655003
-1.031475
0.848890
-0.307635
0.320411
-0.196210
-0.039611
0.851068
-0.531283
0.250600
0.370418
0.250533
0.487911
0.283662
1.069917
-0.655036
0.054000
-0.648842
-0.641915
-0.762984
-1.075509
0.022017
0.140754
-0.824720
-0.182279
-0.601834
-1.055230
0.926834
0.172443
0.274955
0.870531
-0.101350
0.629732
0.725000
-0.558113
-0.435460
-0.020549
0.479785
-0.107363
-0.566422
0.766459
0.910497
0.388012
-0.057309
0.943988
0.069094
0.096260
0.797717
-0.388493
-1.018060
-0.425000
0.701746
-0.273981
-0.824740
-0.974718
0.729963
0.006842
-0.637107
-0.089804
0.864885
0.286257
0.406000
0.558051
0.875278
0.950490
-0.760158
-0.279652
0.435000
0.582427
-0.080771
0.860111
0.198104
-0.353825
-0.701161
-0.172497
-1.011196
0.119000
0.807236
-0.669243
-0.996909
-0.858811
-0.385814
-1.058908
-0.001589
0.571564
-0.418000
-0.725741
0.685253
0.330492
0.192262
0.685824
0.790575
-0.785604
-0.563576
-0.115000
-0.254790
-0.383134
-0.221189
0.069170
0.130553
-0.150735
1.194148
-0.037369
0.276000
-0.108063
-0.245068
0.326404
-0.217451
1.352384
-0.076463
0.029623
-0.531081
0.550000
-0.553750
-0.524890
0.759499
-0.458316
-0.359134
0.529215
-0.651091
-0.810242
0.304000
1.046852
0.922852
0.581782
-0.631310
0.186168
0.388024
0.429244
-0.203110
-0.525000
0.116603
0.304683
0.300667
-0.031445
-1.197374
-0.300730
-0.257624
-0.593596
0.499000
0.230435
0.272639
-0.882014
0.634451
0.644571
0.086688
0.418605
-1.080332
0.034000
0.824108
-0.319094
-0.525252
-0.928178
-0.551614
-0.477895
-0.804040
-0.054268
0.799000
-0.796696
-0.139066
-0.796465
0.843188
-0.961471
-0.647343
-0.115630
-0.846622
0.193000
0.445558
0.756250
0.708167
-0.664608
0.525264
-0.424504
0.240058
-0.170711
-0.540000
1.016920
-0.611001
-0.243701
0.181649
0.431716
-0.168373
0.362592
0.548424
0.116000
0.328144
0.122815
0.132942
-1.103097
-0.797351
-0.896934
0.625455
0.455034
-0.570000
0.726477
0.299522
-0.741581
0.369786
0.434973
-0.668285
-0.557885
0.003069
0.601000
-1.046386
-0.822477
-0.547220
0.524372
0.481099
-0.083215
-0.126141
0.495626
0.198000
-1.423602
0.625327
0.769677
0.657557
0.202782
0.741925
0.104307
-0.039613