5
192;16;8;8;8
0.085000
0.161087
0.474304
0.137070
-1.086043
1.142213
-0.720127
-0.032006
0.629981
0.987022
0.612728
0.109880
-0.295836
1.848341
0.627137
0.599953
-0.295084
-0.210000
-0.282034
-0.714292
0.087165
0.540914
-0.899250
-0.789551
0.004218
0.619310
-0.057665
-0.694133
-0.380811
-0.584521
-0.394111
-0.735658
0.336478
0.846966
-0.591000
0.197611
0.925876
0.143218
-0.423459
-0.286518
0.959555
0.652800
0.461009
-1.039148
0.109057
0.106554
0.613271
1.009071
0.610825
0.497036
-0.820842
-0.122000
0.230506
0.018743
-0.306265
-0.977031
0.060387
0.580604
-0.602481
-0.628216
0.620647
0.906589
0.215622
0.759407
-0.483766
-0.773167
0.825933
0.428315
-0.478000
-0.468356
-0.713055
-0.000987
0.664637
-0.340108
-0.338066
-0.441545
0.135377
-0.202203
0.326579
-0.704266
-0.263410
0.235295
-0.139682
-1.033504
-0.702130
0.107000
0.198710
0.885078
0.028551
-0.876676
-0.292419
-0.109520
0.147938
0.877823
1.203148
-0.678013
0.364112
0.000070
0.616371
0.437478
-0.589417
-0.468678
0.882000
-0.480230
-0.786774
-0.866582
0.741989
-0.103121
0.944598
-0.154083
-1.020099
0.016771
-0.255131
-0.508765
0.877096
-1.006858
-0.467820
0.631763
-0.351724
-0.101000
-0.119953
-0.768690
-0.461395
0.354926
-0.719542
-0.584525
-0.261934
0.310844
-0.262215
0.566407
0.770935
0.067020
-0.399251
0.209365
-0.235968
0.337238
-0.146000
1.051060
0.225997
0.808060
0.082724
-0.163632
0.579473
-0.513348
-0.269947
0.838739
-0.656729
0.805661
0.721087
0.223973
-0.869621
0.757783
0.654688
0.857000
-0.785287
0.327654
0.072922
-0.889599
-0.320837
0.337739
-0.310675
-1.239080
-0.599028
1.184027
0.238500
-1.044979
1.245099
-0.476260
0.473375
0.932564
0.015000
-0.298638
1.019208
0.003156
-0.111064
-0.070877
0.977227
0.753532
0.591331
0.707578
0.333293
-0.925437
-0.227370
-0.112686
-0.081199
-0.352884
0.448579
0.086000
1.165721
0.083766
-0.660793
1.038471
-0.152160
-0.830200
0.765501
-0.395662
-1.413977
0.797094
-0.355451
0.008491
-0.949148
-0.433193
-0.981741
-0.648658
0.248000
0.355635
-0.674124
-0.163871
-0.567194
-0.756699
-0.586256
0.197063
0.431909
-2.188158
0.245205
-0.338380
-0.521533
-0.284874
-0.534381
0.846910
0.963455
-0.768000
-0.121558
-0.719954
0.432908
0.358722
-0.935491
0.548707
0.881142
-0.070862
0.426096
0.487582
0.566202
-0.175584
0.491940
0.076975
0.882948
-0.871136
-0.724000
-0.298597
-0.555112
0.778262
0.383132
-0.643505
0.062591
0.173053
0.766752
0.673907
-0.667608
0.196288
-0.097976
-0.464748
-0.412226
-0.280463
-0.073581
-0.831000
-0.210530
0.315779
-0.594482
-0.088496
-0.684238
0.453193
-0.529417
-0.120084
0.421510
-0.236331
0.809877
-1.142029
-0.036484
-0.054087
-0.922422
-0.906947
-0.177000
-1.478198
-0.557435
-0.811480
0.436303
-0.829537
0.032321
-0.043106
-0.343881
-0.791893
0.673919
0.427193
0.104747
0.491401
-0.866769
0.488695
-0.534030
0.503000
-0.192473
-0.299475
-0.809111
-0.464019
0.211140
-0.121977
-1.307513
0.311946
0.373788
0.686754
0.591692
1.269433
0.932992
0.010994
0.805757
-0.032048
0.160000
0.506530
0.384553
-0.594162
-0.308655
0.273913
0.278959
-1.284714
-0.481704
0.351218
0.006270
0.467955
1.028496
-0.410529
0.245728
0.538695
0.584893
0.171000
0.932259
-0.139689
0.857558
0.325569
0.140494
0.305962
-0.352659
0.165949
0.867942
0.593189
-0.256329
-0.151719
-1.224129
-0.425725
0.619153
-0.571155
0.295000
-0.323808
0.140106
0.142803
-0.624202
-0.466716
0.467341
1.285313
-0.080300
-0.247527
-0.855493
-0.000095
0.649635
0.615887
-0.973958
-0.291214
0.348238
-0.120000
-0.249382
0.205460
-0.603974
-0.525684
-0.152203
0.380032
0.977414
0.466209
-1.207053
-0.497156
-0.163128
-0.892663
-1.406618
0.001997
-0.395827
0.657895
-0.083000
-0.167820
0.678754
-0.372759
0.297434
-0.077106
0.466456
-0.921711
0.484088
-0.478350
-0.805250
0.241781
-0.589649
0.102936
-0.094566
0.851670
-0.813338
0.105000
0.415498
0.037696
-0.616970
-0.343796
0.835228
-0.354233
-1.080065
-0.085542
0.670924
-0.882651
0.356718
-0.059290
-0.463131
-0.288727
-0.494942
0.581412
0.403000
-0.562500
0.553099
-0.042291
0.035234
-0.513031
0.723351
0.905695
0.075444
0.236915
0.449774
0.673290
0.390870
0.660381
-0.546670
-0.811364
-0.296677
0.141000
-0.111643
0.236177
0.078977
-0.007740
-0.319552
-0.849692
0.700970
1.081192
-0.447073
0.158082
-0.584051
0.167540
-0.154435
0.469970
0.940716
-0.187158
-0.185000
0.070737
0.915026
-0.353533
1.116396
-0.633356
0.198956
-0.967481
-0.597819
0.135810
0.540172
0.818610
0.765907
0.734662
0.161359
0.657338
-0.886849
0.079000
0.152984
0.341634
0.419929
-0.264430
-0.521265
-0.388826
0.466264
0.008474
0.608085
-0.084002
0.634008
-0.164044
-1.125240
-0.837738
1.070632
-0.131691
-0.024000
0.073578
-0.933421
-0.504536
0.279601
-0.694112
-0.604366
0.081435
0.061671
-0.472341
-0.215870
0.059395
0.733098
-0.029039
-0.416090
0.378331
-0.428474
-0.786000
-0.311182
-0.448295
-0.670284
0.702232
-0.150205
-0.378653
0.369322
0.358600
0.411543
0.116351
-0.810290
0.169296
-0.572377
0.796073
-0.193166
-0.757035
0.111000
0.268718
0.550586
-0.050006
0.195212
0.150714
-0.701761
-0.738167
0.002849
-0.100382
-0.558411
0.716370
0.615243
-0.257991
0.321870
0.526947
0.406001
0.831000
0.161839
0.162795
-0.735333
1.052340
-0.227123
0.995011
0.182320
0.113099
-0.786912
-0.445421
0.794332
-0.087792
0.129288
0.054789
0.838631
-0.515760
0.780000
-0.178163
1.029508
-0.604664
-0.635330
0.083902
0.388410
-0.591626
-0.601164
0.693602
-1.011818
-0.648678
0.646011
0.074455
0.383487
-0.487244
-0.869942
-0.435000
0.493976
-0.446691
0.962921
-0.711181
0.015295
0.068103
-0.928714
0.474647
0.037757
-0.184925
0.671476
-0.311394
0.513974
0.730321
0.279478
0.721461
0.404000
0.001540
-0.218289
0.238118
0.338931
-0.176464
0.959638
-0.422978
0.439575
0.628571
-0.948183
-0.294527
0.390197
-0.507350
-0.813748
-0.546748
-0.016304
0.817000
-0.959097
0.668769
0.813849
-0.316655
0.934386
0.142750
0.299110
-0.095860
2.207009
-0.376643
-0.775633
-0.504123
0.386883
-0.269932
-0.209933
0.362553
0.634000
1.122383
-0.234382
0.600785
0.232274
-0.350852
0.119477
0.118901
0.413034
-0.822563
-0.564446
-0.055971
0.104822
1.036981
-0.703647
1.002058
-0.800422
-0.821000
0.032462
-0.055408
-0.488278
-0.083867
0.737062
0.802189
-1.152051
-0.493574
-0.242106
-0.184060
-0.657868
0.620829
0.566011
0.004269
-0.306316
0.447878
-0.451000
-0.092713
0.496869
0.006256
0.104435
1.006894
-0.705534
-0.379718
-0.269733
-0.484337
-0.648313
0.898218
-0.017454
-0.154736
-0.783479
0.953891
-0.452092
0.816000
0.240915
0.007947
0.246923
0.376225
-0.533661
0.953433
-0.243135
0.062710
-0.179660
-0.599216
0.333929
0.416611
0.379369
-0.425928
0.797601
-0.730469
0.682000
0.480432
0.141806
0.416739
0.543897
0.466430
0.811104
0.943885
-0.424007
0.016053
0.722354
-0.643816
-0.239463
-0.485487
0.528193
-0.073248
0.877207
-0.147000
1.081019
0.585234
0.078697
1.023983
-0.888275
-0.973257
0.703945
-0.091932
0.280595
0.024024
-0.530115
0.587187
-0.610763
-0.898694
-0.046246
-0.874971
0.682000
-0.936234
0.527700
-0.271976
1.039631
-0.722723
-0.143057
-0.017032
0.044704
-0.518888
0.149537
-0.740553
0.532935
0.903639
-0.977863
-0.027643
0.819344
-0.651000
-0.292970
-0.818288
0.090714
-0.696709
-0.427295
-0.667263
0.245875
-1.130527
-0.941254
-0.823296
0.541109
-0.630732
0.721886
0.671257
-0.792895
-0.621081
0.485000
-0.503366
0.790536
0.249842
-0.214426
-0.935172
0.229742
0.296153
-1.030183
0.101484
0.249031
-0.458426
0.289702
0.038988
-0.648146
0.064370
-0.865946
-0.938000
0.203700
-0.612599
-0.385071
0.074268
-0.896559
0.966305
1.336114
-0.143653
-0.448551
0.508564
0.159678
0.278068
-0.209665
-0.593121
-0.943705
0.038953
-0.509000
-0.335832
-0.089833
-0.662961
-0.521865
-0.447612
0.775268
-0.341281
0.123228
-0.131844
0.624732
0.811273
0.910589
0.783091
0.267015
0.322263
0.334867
0.356000
1.073919
-0.907420
-0.974259
0.715787
-0.695795
0.808807
-0.161806
0.257030
0.301867
-0.764189
0.999581
-0.672014
0.270534
0.552017
-0.719908
0.834558
-0.780000
-0.100967
-0.848135
0.165242
0.009275
-1.045784
-0.054495
0.359787
0.242923
0.363051
-0.137661
-0.969080
-0.301228
-0.344746
0.508201
-0.492460
-0.609549
-0.366000
-0.316455
-1.121483
0.241138
0.580873
0.193344
-0.416694
0.035099
0.486624
-0.639831
0.388197
0.205823
0.397973
0.584187
-0.338053
0.833977
-0.219463
0.176000
0.705988
-0.973764
-0.868194
-0.216306
0.252087
0.432464
-0.345623
-0.371787
0.604314
0.254121
-0.389776
-0.413011
0.385403
-0.382140
0.549672
-0.910001
-0.837000
-0.524717
0.375220
-0.782158
0.669134
-0.737833
0.635660
0.713774
-0.405908
-0.852783
1.023268
-0.873426
-0.914972
-1.097262
0.496567
0.668958
-0.742919
-0.189000
-0.487494
-0.797594
-0.785986
-0.224470
-0.369491
0.125955
-0.791394
0.321772
-0.722754
0.161347
0.317472
0.742633
-0.698242
0.068119
-0.366182
0.454366
0.355000
1.457472
0.062551
0.289424
0.747075
0.458991
-0.178062
0.208965
-0.825169
-0.362493
-0.565028
0.236098
-0.373581
1.162262
0.911929
-0.122841
0.197726
-0.836000
-0.967907
-0.676167
0.151008
-0.922780
-0.709017
-0.125561
0.127347
-0.838050
0.651184
-0.569485
-0.723981
0.589383
0.413848
0.735466
-0.008374
-0.397957
-0.323000
1.064387
0.613131
-0.346378
-0.403758
-0.017033
0.537442
1.480102
0.111953
-0.468451
-0.696621
0.879919
-0.670690
-0.629253
-0.979910
0.493275
-0.529428
0.869000
-0.814742
-0.123047
-0.340496
-0.079465
0.898704
-0.699968
-0.239507
0.132331
0.253036
0.286035
-0.061077
0.768927
-0.147394
0.315060
0.236988
-0.570588
-0.898000
0.287404
-0.589949
-0.192097
0.914092
0.110047
-0.396913
-0.635074
-1.745441
-0.073294
0.100329
-0.619635
-0.217869
1.032558
0.882884
0.726091
-0.886042
0.735000
-0.588248
-0.895733
-0.892743
-0.170594
-0.193317
0.303221
1.020573
-0.530487
0.389025
1.012861
0.296049
0.142113
-0.181403
-0.370313
-0.311654
0.000806
0.505000
-0.707796
0.579948
0.701848
0.165660
0.838450
0.224503
-1.090243
-0.476165
-0.872979
0.439778
-0.767083
0.719459
-0.625341
0.607344
0.962029
-0.917090
-0.910000
0.616282
-0.423148
-0.523330
0.147265
-0.766155
0.700702
0.544209
0.097259
-0.522757
-0.015191
0.987751
-0.082340
0.915101
0.800115
-0.538172
0.841957
0.108000
0.044811
-0.439462
-0.054461
0.634507
-0.305076
-0.588172
-0.358342
0.058667
0.664281
0.157138
-0.130249
-0.843473
-0.148330
-0.876692
-0.885250
0.755811
0.542000
-0.030914
0.916569
-1.021167
0.244385
0.906073
0.009256
0.757344
1.027197
-1.074082
0.022802
0.409719
-0.354822
0.706403
-1.017094
0.241699
0.237729
0.800000
0.555343
-0.509919
-0.475650
-0.411276
0.598543
0.943136
0.889117
-0.255571
-1.129660
0.351781
0.932712
-0.170474
1.663624
-0.489978
-0.364796
-0.099969
-0.532000
-0.959327
-0.784833
-0.423550
-0.588801
0.194323
-0.163997
0.229970
0.014127
0.201476
-0.203639
-0.212604
-0.935210
-1.234534
-0.405579
0.964693
0.279614
-0.777000
-0.262987
-0.230834
-0.053768
-0.683787
-0.345252
0.571348
-0.541412
0.792037
0.138498
0.756568
0.751851
1.082098
0.014156
0.299516
-0.490346
-0.421916
-0.960000
0.582958
0.569715
-0.060435
0.524805
-1.183861
0.707992
0.157874
-0.647423
0.452036
-1.262947
0.880214
-0.406905
1.269341
-0.037937
-0.477569
-0.166803
0.304000
1.168634
0.958037
0.566898
-0.168378
-0.208669
-0.305587
-0.724118
0.450298
0.796002
-0.137968
-0.294201
-0.569900
0.109527
0.788701
0.875828
-0.702213
0.452000
0.484470
0.158523
0.546641
-0.689904
-0.226362
0.951607
-0.427604
-0.411276
-0.682121
-0.385335
-0.065616
0.779841
0.272210
-0.112266
0.704577
-0.927253
-0.125000
-1.053109
0.035796
0.439209
0.351666
-0.783002
-0.675075
-0.171952
0.552042
0.154910
0.184504
-0.364267
-0.126383
0.014694
-0.028976
0.758254
-0.803656
-0.482000
0.299053
0.742783
0.897074
0.922686
0.171403
-0.327140
-0.917253
0.283637
0.570464
0.585128
-0.930417
0.256572
-0.384167
-0.203042
0.571465
-0.373552
0.505000
-0.572801
-0.437057
0.512035
0.579301
0.259902
0.651748
0.102873
0.118962
-0.339827
0.200230
-0.684971
-0.354398
-0.278970
-0.386261
0.594714
-0.246319
0.795000
-0.606836
-0.049955
0.660075
0.740709
0.002983
0.871541
1.150173
-1.094965
0.346445
0.374607
-0.801841
0.893504
-1.323539
0.886333
0.138337
-0.853048
-0.891000
-0.389778
-0.775386
-0.292312
-0.579470
-0.181043
0.002023
0.753544
-0.573335
-0.567257
1.124091
0.304437
0.749018
0.178151
-0.327337
-0.577621
0.458108
-0.418000
1.007477
0.834164
-0.505114
-0.799952
-0.055344
-0.549235
0.206482
0.269084
0.640134
-0.047134
0.296320
0.280474
-0.108345
-0.138929
-0.772321
0.507934
-0.145000
-1.051543
-0.805559
0.581722
-0.658047
0.584688
-0.117228
0.253012
-0.613393
0.721488
0.150672
0.422749
0.084919
-1.828315
-1.000024
-0.301696
-0.447284
0.986000
-1.189925
-0.974577
-0.194996
-0.738589
0.448106
-0.796858
-0.168784
0.571806
1.066884
0.129991
1.115074
0.317145
0.355194
-0.646130
-0.509860
-0.833319
0.822000
1.098878
-0.620133
0.768788
-0.089103
0.137920
0.724691
-1.160668
0.587294
-0.478416
-0.429496
0.126019
0.309159
1.123925
-0.414244
-0.816733
-0.086659
-0.513000
-0.055014
-0.948795
0.139296
0.745032
0.679398
-0.037587
0.249541
-0.995395
-0.208919
-0.369769
-0.810065
-0.191048
0.531687
0.383310
-0.096505
-0.684399
0.097000
0.521600
0.933078
-0.302853
0.601555
0.267909
0.658205
-0.243846
0.201681
-0.502431
1.118463
1.002605
-0.890444
-0.556971
-0.422745
0.632119
-0.601568
-0.291000
-0.085543
0.597411
-0.550199
0.266394
-0.271585
-0.601904
-1.086052
-0.885723
0.892099
0.484730
0.020385
0.870724
-0.751442
-0.840398
-0.323680
0.598146
0.048000
-0.631337
-0.052154
0.478689
-1.023845
-0.591201
-0.274226
-0.062042
-0.499324
0.272045
0.250883
-0.288062
0.927417
0.256341
-0.656950
0.693243
0.542485
-0.779000
1.071413
-0.629910
0.329463
0.723098
1.018542
-0.065949
-0.285142
0.012512
0.576974
-0.340624
-0.633826
0.368759
0.388310
-0.671022
0.034958
-0.370061
0.079000
-1.532018
-0.605183
-0.909751
0.421015
-0.089572
-0.468230
0.652654
0.236086
-0.859259
0.473921
-0.123422
0.291436
-0.993600
-0.398252
-0.116545
-0.608807
0.698000
-0.251483
-0.135998
-0.539270
0.717458
-0.038386
0.835730
1.482068
-0.520095
0.062823
-0.311098
0.336824
-1.074114
1.738888
0.264015
0.589859
-0.676942
0.956000
1.269012
0.195997
0.754085
1.043575
0.951313
-0.639274
-0.322316
0.664744
0.215184
0.600050
-0.095393
-0.747339
-0.926035
0.683875
0.650221
0.968316
-0.372000
-0.792730
-0.934591
-0.442398
0.338349
0.145298
0.050851
-0.081460
0.330887
0.422059
1.004330
-0.695787
-0.341542
0.250055
-0.524613
0.780329
0.037557
0.604000
-0.146112
0.701952
-0.463873
0.714074
0.216433
0.184039
-0.248886
-0.197045
-0.390610
0.151905
0.930066
0.157530
0.962675
-0.057268
-0.601495
-0.679909
0.612000
-0.606911
0.659264
-0.694215
-0.235196
-0.349429
0.771893
-0.773841
1.726609
0.254625
0.054306
0.078869
-0.750555
-0.910699
0.340792
0.833430
0.810424
-0.659000
-0.084929
-0.064601
0.417665
0.472342
0.418950
0.846740
-0.499179
0.755990
-0.638258
-0.181814
0.198567
1.119140
-0.643352
0.269308
0.288369
-0.190864
0.603000
0.400200
-1.009638
-0.680458
-0.340355
-0.070850
0.751949
1.320606
-0.982360
0.132825
0.400935
-0.315353
0.929967
1.666081
-0.453252
-0.586636
0.582665
-0.439000
0.491785
0.201607
0.344594
-0.118850
-1.506301
-0.739495
-0.495537
-0.221374
-0.349396
0.003441
-0.796748
0.397276
-0.470780
-0.229070
-0.768634
0.196056
-0.080000
-0.542852
-0.764988
0.000669
0.819074
-0.104680
0.923729
0.568117
-0.925001
-0.054747
-0.214807
0.474013
0.357292
0.787692
-0.680386
-0.225045
0.603785
0.498000
0.315828
-1.027204
-0.585133
-0.197299
0.102828
-0.375694
0.362482
-0.563295
0.027017
-0.803914
0.565247
0.196477
0.423812
0.143539
-0.263707
-0.224900
0.567000
-0.542773
-0.066031
0.838471
-0.639353
-0.795678
-0.354660
-1.530107
0.599077
0.517757
0.482853
-0.249829
-0.304951
0.087015
-0.820440
-0.970455
0.030542
0.846000
1.289134
0.061814
0.059188
-0.924443
0.419715
-0.192293
-0.030208
0.432645
0.207959
0.779930
-0.473218
0.716112
-0.749370
0.740592
-0.615815
0.809621
-0.830000
-0.209557
-1.028579
-0.034056
0.433532
-0.083027
-0.709814
-0.099492
-0.279032
0.780973
0.183721
-0.499311
-0.085463
-0.853132
0.886281
0.375364
-0.730755
0.607000
-1.103038
-0.464559
0.551883
-0.913415
-0.718126
0.123789
0.000143
0.194260
-0.354115
-1.416153
0.351094
0.485109
0.615396
-0.461216
0.735790
0.931374
0.538000
0.193608
-0.243506
0.985267
0.739318
0.225538
0.612555
-0.015490
-0.142279
0.363002
-0.497457
0.810799
0.501088
0.560433
-0.579197
-0.785607
-0.566580
-0.581000
1.420444
0.036658
-0.797259
0.003230
0.031203
-0.129071
-0.516722
-0.353627
0.918601
-0.624287
-0.213373
0.647377
-0.474624
0.587664
0.508508
-0.365713
-0.234000
1.092964
-0.126114
0.448126
-0.621290
-0.881024
0.127623
1.395854
0.752895
-0.978143
0.324946
0.991167
-0.184964
0.138861
-0.363565
0.258685
-0.217615
-0.094000
0.911536
0.752626
-0.024934
-0.155896
-0.851693
-0.007465
-0.079535
-1.019001
-0.298175
-0.345626
-0.023098
-0.593302
-0.328830
-0.344555
0.386610
0.728739
-0.348000
-1.244673
-0.039225
-0.553943
0.359253
-0.335455
0.850410
0.496754
0.131530
1.429425
0.277036
-0.747920
0.779717
-0.817755
0.547537
-0.118091
0.514429
0.293000
1.237761
-0.039768
-0.970272
-0.163668
-0.927289
0.278394
0.527077
0.532111
-1.251496
0.405554
-0.469313
-0.817772
-0.895090
-0.756383
0.071261
0.594310
0.291000
-1.750264
-0.842709
0.037749
0.850953
0.858754
0.599478
-0.302412
0.229771
-0.350852
-0.411512
0.560435
-0.475908
-0.430839
-0.731398
-0.442743
-0.373398
0.579000
-0.024131
0.080499
0.460457
0.142057
-0.141291
-0.080202
0.708738
0.239817
0.988199
1.033835
-0.415437
0.381469
0.745197
-0.423728
0.420535
-0.883518
-0.013000
0.696087
-0.719485
-0.195389
0.530349
-0.536086
0.162685
-0.532366
0.826028
-0.678658
0.051792
0.990367
0.515807
-0.550815
-0.369447
-0.466436
0.139376
-0.833000
-1.764238
0.589104
0.191784
0.356743
0.200367
-0.950187
-0.977359
0.090387
-0.715796
0.386963
-0.907205
-0.291645
0.207403
0.338303
0.828091
0.397190
0.491000
0.882143
-0.113875
-0.584429
0.607165
-0.106430
-0.138578
0.011835
1.475853
1.103384
-0.425764
0.910383
-0.849619
0.530384
-0.330623
0.245299
-0.139304
0.933000
0.618572
-1.068392
-0.147791
-0.067134
0.279338
0.507825
0.319590
-0.717394
0.086269
-0.811303
0.847293
0.752033
-0.187273
0.384394
0.881875
-0.009340
0.064000
-1.527845
0.162457
-0.716582
0.087459
-0.417302
-0.614646
0.645399
-0.845692
1.199982
0.463265
0.666763
-1.054884
0.085152
-1.039107
0.776994
-0.119997
-0.357000
0.763371
1.094034
0.800465
0.581228
0.110526
-0.630130
-1.172765
1.408408
-0.352395
-0.289945
0.333846
0.516721
0.827862
0.057324
-0.691634
-0.666059
0.102000
0.704275
-1.255595
-0.910567
0.102878
-0.651541
-0.330206
2.052231
0.893649
-0.855195
0.304753
-0.512924
-1.109704
0.238548
0.732184
0.629875
0.158876
0.568000
-0.984446
0.075433
-0.764682
0.453613
-0.144172
0.717143
0.806631
0.501607
-0.348841
0.911160
-0.048507
0.640946
-1.162971
0.129567
-0.714765
0.308235
0.220000
-1.054591
0.151126
0.083663
-0.750392
-0.967422
0.194994
0.870210
-1.150472
0.602512
0.640173
-0.509543
0.266226
-0.036872
-0.656623
0.215954
-0.633203
0.933000
-0.487811
0.643793
-0.914608
0.140637
-1.003754
-0.685046
0.392225
0.369084
-0.625871
-0.497999
0.588879
-0.450765
1.284401
-0.786395
0.349547
-0.234289
0.479000
-0.280244
0.302978
0.978044
0.392614
0.508429
0.194679
-0.473148
-0.672549
0.910951
0.441368
-0.325016
1.058109
-0.720510
0.376154
-0.695050
0.644576
-0.767000
0.873486
0.160253
-0.586148
0.110096
-0.325998
-0.152289
-0.896457
-0.264602
0.014037
0.014379
-0.231507
0.431810
-1.122831
-0.245967
-0.938882
-0.796943
-0.486000
0.079179
-1.200683
0.348800
0.820149
0.539059
0.751274
0.210763
0.903311
-0.706631
-0.037429
-0.412751
-0.349570
1.319691
-0.360581
0.918125
-0.201836
-0.407000
0.622295
0.108785
-0.805064
-0.735328
0.117334
0.040612
-0.336319
-0.525931
0.370485
0.552804
0.099872
0.536798
-0.943050
-0.277887
-0.149360
-0.591265
0.843000
-0.507460
-0.399341
-0.515837
0.750959
1.064413
-0.529287
0.704943
-0.242596
0.346818
-0.555996
-0.315607
-0.456019
0.200855
0.209238
0.965417
-0.987632
-0.506000
0.511821
0.468270
0.312955
-0.772280
0.112920
-0.741626
0.886075
0.009736
-0.244388
-0.674867
-0.637945
0.412297
0.148019
0.810520
-0.990013
0.378327
0.716000
-0.732303
-0.879807
-0.347042
0.022585
-0.405049
0.698567
-1.023230
0.392856
-0.867091
-0.051277
0.087800
0.154036
-0.253616
-0.826243
-0.652487
0.033176
0.464000
0.229024
-0.681426
0.188078
-0.138897
0.647977
0.515632
-0.024363
-0.008079
0.987138
-0.309060
-0.254680
0.729446
-0.062751
-0.689739
0.769793
0.556887
-0.073000
-0.328217
-0.178869
0.768407
0.610113
-0.790012
0.463240
-0.644663
-0.681138
0.147456
0.278510
-0.386411
0.076712
-1.430308
0.946294
-0.665160
-0.030291
0.793000
-0.358139
-1.159136
-0.569460
-0.143979
-0.819365
0.872468
-0.656962
-0.649855
-0.959290
-0.341392
-0.074351
-0.731121
0.100483
-0.842015
-0.861223
0.002973
0.898000
0.728619
-0.335193
0.709701
-0.885982
0.063112
-0.466430
-0.043091
0.090119
0.204933
-0.318838
0.869975
-0.474791
1.187348
-0.424024
0.455148
0.684461
0.938000
1.443699
-0.091222
-0.516714
0.909948
0.763296
-0.968257
-0.614435
-1.105083
1.348507
-0.111376
0.586378
0.052291
0.176783
-0.979761
0.514566
0.394897
-0.126000
-2.106953
-0.935625
-0.597502
0.655967
-0.582992
-0.078575
-0.453376
-0.064250
-1.460295
0.669201
0.489976
0.164114
-0.503969
-0.780686
-0.921503
-0.863287
-0.489000
0.650118
-0.628220
0.412551
0.526128
0.190804
0.489581
-0.251888
1.409856
0.903378
0.768655
0.921687
-0.725953
0.509145
-0.561448
0.586805
-0.208803
-0.146000
0.616272
-0.553660
-0.554567
-0.638558
-0.186521
0.951363
1.382655
-1.667982
0.921772
-0.783818
-0.806660
-1.275459
0.324988
-0.563767
-0.867752
0.127985
-0.831000
-1.091757
0.668892
-0.741431
0.358705
-0.612855
0.100855
-0.329972
-0.608308
-1.501233
-0.893099
-0.573390
0.041715
-0.427630
0.684883
0.669587
-0.221423
-0.267000
0.104644
0.540312
0.693264
1.015956
0.663402
-0.263302
0.507277
0.743592
0.229825
0.866484
0.609003
-0.577157
-0.636065
-0.137091
0.114461
0.768075
-0.416000
-0.198403
-0.791871
-0.683525
-0.852495
0.230141
-0.103220
0.155674
-0.004768
0.830018
-0.333916
-0.049066
0.490927
0.194142
0.805417
-0.751671
-0.469702
-0.770000
-1.194437
0.762199
0.091989
0.921937
-0.476747
-0.040830
0.398472
-0.254792
-0.944609
-0.408385
0.186834
0.312440
-0.294908
-0.649808
0.570072
-0.947326
0.015000
1.176368
-0.404716
-0.015614
-0.651000
0.449062
0.590407
-0.466984
0.868672
-0.000562
0.420832
-0.933422
-0.759689
-0.970184
-0.413280
0.482115
-0.780926
-0.808000
1.265259
-0.788461
-0.073688
0.136145
-0.388192
-0.700168
0.052910
-0.795010
0.495598
-0.701538
0.093226
-0.488111
0.102550
-0.797372
-0.155371
0.359637
0.488000
-1.579615
0.482946
-0.659912
-0.924714
-0.151975
0.689652
0.238199
0.100490
-0.539717
-0.862478
0.987179
-0.828835
0.421454
0.730017
-0.605326
0.164033
0.842000
0.520297
1.068641
-0.125554
0.270312
0.303586
0.855068
-0.774884
0.140229
0.519078
0.054403
-0.559088
0.177422
-0.420338
-0.142682
0.235319
-0.197462
0.708000
0.356925
-0.940257
-0.414460
-0.221191
0.117713
0.341877
0.735951
0.077288
0.795270
0.579914
0.400041
0.895060
0.558248
0.708181
0.272693
-0.530506
0.774000
-0.615226
0.230044
0.223785
0.681817
0.145284
-0.056813
0.292578
-0.436003
-0.562380
0.277114
0.775656
0.035240
-0.130971
0.489293
0.329428
0.313480
-0.873000
-0.145432
0.842572
0.249729
-0.486132
-0.496769
0.897425
0.089582
1.213381
0.315067
0.738875
0.987882
1.151564
-0.306870
0.780015
0.125341
-0.917251
-0.315000
0.831019
0.604625
0.451714
-0.073735
-0.976818
0.385495
-0.061478
0.980458
0.593703
0.259753
0.547881
0.538927
1.011068
0.008776
0.526258
0.324000
0.688000
-0.504078
-0.320379
-0.643743
0.240549
-0.734759
0.867945
0.561706
-0.540969
-1.308527
-0.810648
0.315946
0.704482
-1.024619
-0.115380
-0.304690
-0.440760
0.527000
0.179467
0.756183
0.266266
-0.140487
0.475643
-0.409814
-1.361825
-0.944941
0.298164
0.389483
0.173600
0.338379
-0.110835
-0.607129
-0.522489
0.429674
-0.094000
0.206284
0.266338
0.759707
-0.461007
0.560335
0.486025
0.870200
0.671991
0.748449
-0.308441
0.515901
-0.001792
0.022557
-0.667572
0.579172
0.261483
-0.426000
-0.513686
-0.263021
0.338682
-0.382551
0.433612
-0.416814
0.851860
0.358266
-1.504740
-0.232847
-0.740501
-0.696568
-0.449936
-0.326535
0.351131
0.676804
-0.743000
0.185656
0.557740
-0.222977
1.080765
-1.217095
0.083702
0.860053
-0.348690
-0.040712
-1.127799
-0.747642
0.584111
0.564422
0.315774
-0.789210
-0.304219
0.390000
-0.741072
-0.585475
-1.015427
0.035830
0.590504
0.077875
-0.172739
-0.891224
2.653312
-0.564674
0.046731
-0.754111
-0.093626
-0.166739
-1.101999
-0.525368
-0.280000
0.552665
-0.983945
-0.648450
-0.187201
-0.707006
0.909188
-0.326436
-0.065480
-1.122792
0.035617
-0.332917
-1.063055
0.293415
0.317411
-0.260160
-0.689534
-0.772000
0.797195
1.000017
-0.191280
0.879257
-0.298339
0.630851
1.001574
1.518994
0.003991
-0.028262
-0.668160
-0.481460
-0.029971
0.462350
0.661324
-0.185839
0.165000
-0.092416
0.963209
-0.890194
0.190502
0.450768
-0.296895
0.006436
0.420584
1.048018
0.411604
0.154852
0.674365
0.150615
-0.572715
-0.475525
0.238491
0.637000
-0.959837
0.889844
0.262964
-0.472985
-0.071142
0.268404
0.470480
0.099934
-1.093762
0.112678
-0.078358
-0.302388
0.611076
-0.847526
-0.058766
-0.844686
-0.737000
0.251550
1.085938
-0.587429
0.394872
0.254471
0.665923
1.092410
1.042986
0.271993
-0.177084
0.725589
-0.627776
-1.408268
0.038122
-0.317441
0.172173
-0.263000
1.054156
0.417140
0.195374
1.141881
0.304294
0.145188
-0.602302
0.276440
1.676921
-0.146137
1.048722
-0.074806
-0.234656
0.094260
-0.083697
-0.381909
0.210000
-1.422975
-0.581734
0.649573
-0.015305
-0.020290
0.780343
0.313290
-1.391970
-2.010661
-1.175189
-0.762748
-0.255725
0.909263
0.804723
0.072655
-0.935420
-0.452000
1.374540
1.007033
0.497383
0.729681
-0.206766
0.978162
0.041135
0.081303
0.441195
0.199694
0.392731
0.777849
-0.286087
-0.182509
-0.165468
0.548867
0.906000
1.620500
0.957241
-0.477959
-0.737723
-0.496467
-0.838366
-1.430983
-0.294642
1.935199
-0.308087
-0.809985
0.204647
-0.316165
0.407427
0.015889
-0.374895
0.630000
-1.726351
0.142382
-1.013262
0.130249
-1.052515
0.091821
-0.251537
-0.522166
-1.958583
0.212099
-0.112832
-0.419157
0.524293
-0.717166
-0.024969
0.846956
-0.604000
0.485400
-0.005221
-0.279141
-0.724442
-0.523300
-0.731719
0.701272
0.737339
0.694131
0.069867
0.904781
-0.140790
-1.867213
-0.045060
-0.703121
-0.233938
0.466000
-0.377028
-0.302282
0.057055
0.924327
-0.482313
0.345750
-0.739502
0.539558
-0.353468
0.319740
0.174890
-0.558143
-0.007099
-0.274780
-0.989596
0.631777
0.065000
-0.166985
-0.663015
0.584335
0.053600
0.738833
-0.325146
0.118436
-0.338481
-1.642701
0.174835
0.176164
0.238083
0.257805
0.658037
0.229372
0.506880
0.164000
0.174777
-0.388807
0.863713
0.291893
0.672169
0.892208
0.874557
0.055446
1.511567
-0.971592
0.297494
-0.424074
-0.505111
0.030548
0.549174
-0.285992
-0.264000
0.209811
0.298719
-0.851273
-0.101630
1.543333
0.685586
-0.203789
-0.339132
0.110465
0.605150
-0.273127
-0.473369
0.227026
-0.441744
-0.835689
-0.914057
-0.576000
-0.106870
0.512798
-0.484007
-0.003068
0.788767
-0.211964
-0.530918
-0.725992
-1.778949
-0.633269
0.995635
0.169062
-0.388860
0.667272
-0.949644
-0.595608
0.764000
0.016129
0.213865
-0.598377
-0.062610
0.292217
-0.167114
-0.483964
0.603353
-0.518151
0.759264
-0.426381
0.816549
0.618414
0.803630
0.579021
-0.028310
-0.541000
-0.742197
0.143300
0.765465
-0.417768
-0.378452
-0.063859
-0.111538
0.172365
1.226182
0.466961
-0.383905
0.012515
0.052973
-0.224938
-1.029173
0.890613
0.946000
-0.459332
0.178931
-0.399823
0.280740
-0.270303
0.028037
0.519417
0.197080
-0.529223
0.810782
0.718419
-0.770127
-0.378957
-0.591741
0.109027
0.223942
-0.229000
0.851681
-0.042606
0.727268
0.135213
-0.000849
0.872837
-0.873861
0.039490
-0.090936
0.976776
0.601204
-0.656579
0.447391
-0.179337
0.014296
-0.606641
-0.632000
0.501982
0.709739
-0.298713
-0.798687
-0.291671
-0.251749
0.402461
-0.188073
0.055087
-0.241852
0.541042
0.179348
0.935141
-0.951417
-0.211326
-0.235433
-0.345000
-0.253275
-0.088985
-0.204589
-0.092995
0.826277
-0.899164
0.828441
-0.903772
-1.713970
-0.096230
0.746264
0.029198
0.515312
0.763304
-0.243439
0.031686
0.782000
-0.628041
-0.659493
0.122361
-0.121822
0.326867
-0.501334
0.710021
0.210389
1.168063
-0.034710
-0.251587
-0.441505
-0.744111
0.728606
0.789875
0.591433
-0.791000
-1.110102
0.421839
0.477836
0.680605
0.750288
0.139905
-0.405354
-0.656108
1.181577
0.638472
0.032371
0.123339
-0.338241
-0.396499
0.376429
-0.669906
-0.130000
0.103380
-0.173139
-0.152869
-0.581066
0.396702
-0.043887
-0.089851
-0.717127
-2.110967
-0.223025
-0.749925
-0.445391
0.311531
-0.241753
0.222257
0.724169
-0.536000
1.154964
0.972444
-0.526577
0.584319
0.483064
-0.745900
1.046147
0.700766
-0.327451
0.244527
0.080339
0.768929
-0.440905
0.119218
0.906949
1.022199
0.949000
0.365934
0.482947
-0.264313
0.384741
-0.686427
0.185927
0.107154
0.452001
0.860065
-0.056077
-0.098884
0.572063
-0.793271
-0.560366
-0.566195
0.230289
-0.079000
-0.155290
0.731144
-0.787215
0.019734
0.271768
-0.990862
-0.626071
-1.104157
-1.419449
0.608384
0.275752
0.206543
1.015850
-0.889313
0.646605
-0.924681
-0.736000
0.337570
1.004840
0.393243
-0.364435
0.344351
0.041667
1.598638
-0.298661
0.657361
-0.208913
-0.591780
0.141706
0.732896
-0.525143
0.815256
0.828431
-0.423000
-0.907667
-0.417861
-0.950550
0.033066
-0.711325
0.965260
0.151802
1.342267
-0.174945
0.669691
0.025476
0.004526
0.195532
-0.659104
0.567890
0.084487
0.266000
0.759353
0.197497
-0.467330
0.941027
0.045800
-0.823625
0.172983
-0.204404
-0.920409
0.422861
0.111374
-0.340060
0.504469
0.342564
0.246445
-0.563121
-0.372000
-0.845750
-0.091766
0.956706
-0.934264
0.540418
0.654431
0.127969
0.177859
-0.370217
-0.707901
-0.134203
-0.250800
-1.044765
0.713279
-0.743118
-0.646085
0.789000
0.127354
-0.031617
-0.465107
-0.810947
-0.353747
0.203950
-1.328840
1.292772
2.139448
-0.451880
0.817108
-0.005277
-0.530843
-0.863984
0.573669
0.658723
-0.642000
0.496973
0.312340
0.896386
-1.035519
0.678145
-0.183147
-0.651870
-1.220186
-0.019178
0.562912
0.317012
0.859616
0.371049
0.553532
0.668656
0.214249
0.042000
0.386347
-0.223776
-0.574180
0.759052
-0.098142
-0.065716
0.673779
-1.106245
0.308082
-0.286926
0.632504
0.197434
0.418685
-0.497085
0.772235
0.580093
0.484000
-0.216766
-0.205377
0.511467
0.830003
0.408409
-0.149252
0.340994
1.124241
0.954408
0.740920
0.778044
0.083872
-0.348811
0.774874
0.921559
0.829326
0.451000
0.063979
-0.214198
0.757585
0.047317
0.203951
-0.270383
0.080860
0.264998
-0.838332
-0.164451
0.713200
0.296874
0.050026
-0.229590
-0.706205
0.204446
0.737000
-0.766058
-0.268675
0.124611
-0.655681
-0.775676
0.618029
0.337171
0.398250
0.456270
-0.872202
0.458777
-0.684562
-0.544847
0.449818
-0.470851
0.650842
0.536000
-0.440816
0.636154
0.905183
0.628534
0.943339
0.250165
-0.384166
-0.446991
0.685865
-0.689286
0.744673
0.967410
-0.519949
0.657073
-0.560301
0.843850
0.497000
0.932202
-0.450014
0.390257
-0.738081
0.463382
0.296853
-0.154393
-0.051515
-1.435531
-0.450174
-0.071746
0.124837
0.417964
0.340383
-0.912442
0.424214
0.000000
0.714485
0.267704
-0.606842
0.597133
0.759516
-0.573742
0.701020
-0.534226
0.150026
0.509416
0.939515
0.551308
-0.444647
-0.307767
-0.034940
0.887880
-0.054000
-0.742204
-0.607921
-0.619825
-1.028391
1.139659
0.846416
-0.860542
0.139405
1.804021
-0.852597
-0.808549
0.627251
-0.763830
0.065826
0.453300
-0.119986
-0.448000
0.049495
-0.753079
-0.477688
-1.074867
0.289400
0.581517
-0.496123
0.632141
-1.429805
-0.730179
0.964460
-0.001492
1.028586
0.581872
0.249858
0.221741
-0.532000
0.094402
-0.508637
-0.590041
0.469288
0.697786
0.502791
0.543222
0.425789
0.145501
0.088694
-0.667919
0.516250
0.222568
0.171675
0.201335
-0.309420
-0.254000
0.650601
-0.425337
-0.298488
0.905359
0.315815
-1.115175
1.282641
-0.499369
-0.391000
0.081738
4.980042
1.034061
-3.365970
0.715085
-0.097260
1.943565
-0.186679
-0.646000
-1.607721
-0.460890
-1.293188
1.078430
0.411484
0.600865
-0.644533
-0.045227
-1.000000
0.639229
1.282919
-0.351413
-0.702884
1.073302
0.017048
0.011572
1.095125
0.307000
1.184340
-0.282690
-0.624517
0.616089
-0.733736
0.051311
1.787888
-0.349161
-0.087000
3.225942
-1.016437
1.111804
-1.008883
0.950582
-0.151124
-0.180652
0.401365
0.023000
0.114632
-0.992015
1.221052
0.225257
-0.505211
0.243839
1.233741
-0.729885
-0.533000
-0.557651
-0.174652
2.333605
-0.283319
-0.990067
-0.480974
-1.422557
0.681677
0.630000
-2.400894
0.260576
-0.215088
-0.213062
-0.445977
-0.488972
2.044638
0.276701
0.437000
0.600941
0.849570
2.675326
0.172195
-0.983907
0.745554
-1.628460
0.426045
-0.347000
-0.444289
0.537397
0.144731
-0.504165
-0.772625
-1.164221
-0.939728
-0.605797
-0.942000
-0.827469
0.073373
0.367629
-0.702513
-0.953990
-1.156365
0.957454
-0.126307
-0.896000
0.852572
-1.356772
-1.368933
-0.977800
-0.581461
-0.892727
0.174284
-0.840682
0.766000
-2.640478
1.260466
-0.596040
-2.725234
0.140494
-0.223582
-2.320839
0.372335
-0.186000
0.443234
0.734054
0.417368
-0.013541
-0.722122
-0.038198
0.016110
0.986474
-0.610000
-0.654211
-0.516778
0.638908
1.018022
-0.662072
-0.782527
0.938253
-0.170487
-0.295000
-1.222790
0.822327
-0.013404
0.519402
-0.498218
-0.463913
-0.703944
0.751784
0.589000
-0.231347
0.538819
1.269481
0.430122
0.617628
-0.595642
0.894030
-0.702008
0.446000
-0.360263
2.174545
1.769681
-0.484959
-4.284089
2.026213
-1.530058
-0.090386
0.775000
0.117921
2.001263
-1.825951
0.615196
-0.167441
-3.415311
2.873029
-0.530073
-0.896000
-4.349772
2.436378
-1.841606
-0.228666
0.642993
0.188568
-0.232265
-4.809050
0.370000
2.825479
1.377437
-0.813544
0.102989
-0.867019
-0.059967
-0.176293
-0.907928
-0.659000
0.692745
-1.625626
-0.412959
-0.343627
-0.425480
-0.823448
-0.746253
-0.823833
0.803000
0.937677
-0.492232
-0.598900
-0.547085
-1.685138
-0.013452
0.228852
0.415911
0.481000
-2.020739
-0.728065
-1.399684
-0.210421
-1.428139
0.506210
-3.626512
0.179783
-0.156000
1.033461
-0.542826
-0.834381
-0.525858
-0.395105
-1.270122
-0.448481
0.750251
-0.748000
1.006831
0.171823
-0.149091
0.114010
0.516732
0.614081
0.198572
-0.132495
-0.266000
0.002278
0.024455
-0.626629
-0.002940
0.614026
0.014690
-0.007860
-0.007088
0.471000
-0.000849
-0.004247
0.020950
-0.057129
0.003143
0.324160
0.060770
-0.360050
-0.085000
0.012062
-0.830325
0.014192
-0.004198
0.010389
0.454016
0.092745
0.046816
-0.258000
-0.015907
-0.173983
0.135136
-0.130964
0.125023
-1.286295
0.833546
0.138170
-0.312000
0.007164
0.030424
0.000377
0.014351
-0.010755
0.631782
-0.999227
-0.003798
-0.396000
-1.016343
0.825160
-0.002602
0.746295
0.002012
-0.490457
-0.058614
-0.037771
-0.199000
-0.002027
0.020658
-0.030252
0.765360
-0.018638
-0.303533
-0.081394
-0.038020
0.986000
-0.005545
0.020804
0.579023
-0.044197
-0.010753
0.030213
-0.023356
-0.383532