2
768;8
0.476000
-0.001081
0.125695
0.004040
0.102835
0.160754
0.274128
0.086724
0.190703
0.154000
-0.089807
0.004566
0.138429
-0.026855
0.388985
0.184808
0.059317
0.069965
-0.324000
0.198441
-0.020025
-0.103524
-0.268722
-0.742925
-0.258942
0.012757
0.164711
-0.876000
-0.164531
-0.087288
-0.119923
0.151711
0.140158
0.203674
-0.040179
0.210711
-0.222000
0.167333
-0.133346
0.097464
0.116294
0.259971
-0.455681
-0.370156
-0.735693
0.864000
0.041912
-0.398658
-0.120359
0.434796
-0.529087
1.144016
0.414174
0.971974
-0.191000
-0.105788
0.147981
0.087381
-0.436474
0.755587
-0.769854
-0.128055
-0.375478
-0.428000
-0.336895
0.136877
0.049176
-0.287785
0.281067
0.057832
-0.049129
0.425612
-0.181000
-0.019569
0.390603
-0.443796
0.042239
0.273524
0.044392
0.204649
-0.869687
0.816000
0.209336
-0.304008
0.419741
0.149111
-0.674571
0.124734
-0.084878
0.278376
-0.719000
0.402762
-0.064106
0.178778
0.288389
-0.428005
-0.182944
0.152474
0.227016
-0.054000
-0.318684
-0.329041
-0.377113
-0.599044
0.148440
0.237572
-0.209517
0.198096
-0.851000
0.038317
0.308704
0.211031
0.321476
0.299692
-0.349705
-0.041865
-0.199780
-0.390000
-0.184108
0.211663
0.238460
-0.033026
0.383210
-0.336096
-0.201748
0.152029
0.052000
-0.110023
-0.162788
-0.103054
0.060022
-0.244964
0.473273
0.679939
-0.857242
-0.181000
0.063887
-0.034092
-0.260171
-0.120080
0.124357
0.103546
-0.403985
0.670654
-0.039000
-0.350696
-0.038514
0.003937
0.082149
-0.068109
0.136697
-0.151289
0.266743
-0.324000
0.663719
-0.016378
-0.068748
-0.020647
0.529786
-0.513070
-0.429796
-0.379137
0.452000
-0.077226
-0.052961
0.341416
0.122651
-0.549412
-0.199381
0.476755
0.232875
-0.207000
0.071028
-0.092630
-0.209872
-0.387948
-0.356964
-0.021979
0.710382
-0.186082
-0.931000
-0.538445
0.665327
0.291682
0.554819
0.238398
0.646299
-0.960607
0.175290
-0.922000
0.251674
-0.097938
-0.233375
-0.255386
0.212985
-0.505428
0.176811
-0.146974
0.881000
-0.265133
0.202747
-0.024001
0.068605
0.375508
0.346853
-0.321876
0.011853
-0.595000
0.477359
-0.194624
0.029618
-0.179717
-0.264737
-0.893984
0.446367
0.118259
-0.680000
0.124414
-0.474254
-0.011907
-0.013097
-0.094559
0.545144
-0.089535
0.023176
0.399000
0.260673
0.305637
-0.249871
-0.064058
-0.161657
-0.401669
0.122081
-0.295622
-0.838000
-0.485070
-0.583146
0.521729
-0.013048
0.185964
0.380773
-0.078484
0.161104
-0.577000
0.045247
0.391564
-0.129597
0.210339
-0.053600
0.186577
0.054376
-0.114432
-0.239000
-0.041338
0.046103
0.179147
0.304926
0.492527
0.237047
0.061067
-0.115029
0.570000
0.054157
0.028661
-0.264521
-0.459672
-0.696691
0.045369
-0.331369
0.277866
0.392000
0.063482
0.013485
-0.053751
0.252896
-0.055952
-0.176083
0.230473
-0.105865
-0.124000
0.098213
-0.282610
0.089851
-0.349997
0.078226
-0.188481
-0.117711
-0.029760
-0.401000
-0.107829
0.229610
-0.012612
0.676729
-0.440600
0.329642
0.314039
-0.085774
0.686000
-0.039411
0.189145
0.054001
-0.429369
0.565495
-0.206113
-0.151635
-0.110957
0.423000
-0.448643
0.362298
-0.037778
0.205582
-0.436859
-0.164662
0.072619
0.353175
0.049000
0.713060
-0.337796
-0.172231
-0.091201
-0.003390
0.198002
-0.130687
-0.226124
0.540000
-0.091387
-0.173230
0.238357
-0.130500
0.207136
0.084468
-0.272771
0.095627
-0.027000
0.477516
-0.247125
0.076870
-0.044880
0.128060
0.251090
-0.202928
-0.484294
-0.664000
-0.506901
0.215049
0.105685
-0.490219
0.268035
-0.003177
0.653710
0.183817
0.489000
-0.185488
0.140484
-0.224852
0.422226
-0.199973
-0.185503
-0.276749
0.201730
-0.502000
-0.325870
0.248451
-0.167065
0.249278
-0.035138
0.040001
0.031774
0.146236
0.631000
0.323326
0.202816
-0.054788
-0.058164
-0.195012
-0.468507
0.226419
-0.431039
0.034000
0.203956
-0.468992
0.251286
-0.137375
-0.003641
0.403251
-0.300852
0.251037
0.281000
-0.491526
-0.367100
0.222363
0.091886
0.077880
-0.071334
-0.455874
0.202241
0.071000
0.983868
0.354674
0.224731
-0.014765
0.407186
0.163082
0.136171
-0.176620
-0.748000
-0.563819
0.260588
-0.350988
-0.135325
-0.373725
-0.146262
0.144588
0.024830
0.042000
0.035500
0.206235
-0.203014
-0.358054
-0.147419
0.216225
0.060428
0.188142
0.137000
0.043965
0.053600
-0.405462
0.129341
-0.052597
-0.293233
-0.147547
-0.132696
0.996000
-0.078333
-0.327770
0.574304
0.342628
-0.086908
0.340028
0.157463
-0.131096
-0.440000
0.153989
-0.250691
-0.490575
-0.103485
-0.355072
-0.073660
0.159880
0.204123
0.184000
0.311500
-0.017420
0.691637
0.318476
0.508738
-0.739195
-0.143588
-0.057194
0.290000
-0.326016
0.132200
-0.084289
-0.112878
0.102601
0.480979
-0.035430
-0.296373
-0.792000
0.049537
0.402111
0.317985
0.099417
-0.325148
0.308712
-0.145611
-0.139728
-0.126000
-0.445695
0.076620
-0.214107
-0.125400
0.043974
-0.021782
0.249217
-0.045988
-0.811000
0.246057
-0.002662
-0.013581
0.209568
-0.220550
-0.189750
-0.096459
0.020792
-0.743000
0.168839
-0.129879
-0.362752
-0.211842
0.228926
-0.056627
0.281526
-0.298246
-0.244000
-0.317782
-0.170586
0.389746
0.457289
-0.110683
-0.261969
-0.693883
0.637578
-0.924000
0.383342
0.102013
-0.188921
-0.216169
-0.147796
0.368484
0.365138
-0.311596
-0.848000
0.177074
-0.372239
0.169647
0.186644
-0.447940
-0.172500
0.091517
-0.119665
0.702000
-0.386316
0.745147
-0.079183
-0.481262
0.846714
0.561473
-0.035513
-0.186428
0.679000
0.144386
-0.254364
-0.128788
0.288005
-0.460612
-0.433973
0.033663
0.309986
0.223000
0.186527
0.216756
-0.295727
-0.044910
0.126759
-0.061446
-0.102139
-0.185289
-0.826000
0.089781
-0.149638
0.307754
0.482890
-0.710894
-0.323707
-0.133886
0.616565
0.955000
-0.400200
0.159931
-0.053048
-0.394239
0.322493
0.539186
0.214101
-0.450958
0.094000
0.234015
0.136800
0.279004
0.082285
-0.297776
0.342352
0.098753
-0.145645
-0.418000
-0.020306
-0.297217
-0.520348
-0.712946
0.376020
-0.128959
0.121535
0.442308
-0.665000
0.048007
-0.097817
0.203492
0.586832
-0.021323
-0.132652
-0.166917
-0.333209
0.943000
0.130107
-0.051487
-0.068749
0.018371
0.109399
0.052718
-0.260612
-0.060175
-0.385000
-0.367443
-0.020915
0.126332
0.249097
-0.140484
-0.130079
0.370047
-0.041161
-0.520000
-0.056210
0.080131
0.015846
-0.141709
0.147542
0.020032
-0.084032
0.086187
-0.427000
-0.201128
-0.075993
-0.136456
0.221194
-0.028054
0.197463
0.099148
-0.061385
-0.925000
-0.382614
0.042031
-0.032936
-0.108582
-0.066908
-0.238152
0.166714
0.166248
0.821000
0.439953
0.086932
0.105625
-0.030592
0.225699
-0.111021
-0.337287
0.048552
-0.738000
0.108343
-0.160681
-0.020960
0.051986
-0.381705
0.308802
-0.114161
0.230900
0.641000
-0.090193
0.110180
0.202795
0.021460
0.712416
-0.191653
0.198561
-0.351607
0.070000
0.060759
-0.138692
-0.183081
-0.135555
-0.340228
-0.171953
0.033807
0.223138
0.431000
-0.169042
0.095197
-0.160592
-0.240206
-0.061313
-0.348725
-0.601714
-0.061312
-0.285000
0.454766
-0.042425
0.327394
0.176898
0.204456
0.255264
0.788305
0.311009
-0.558000
-0.240889
0.193606
-0.144636
-0.076895
0.037880
0.041875
-0.356123
-0.393531
0.036000
0.028148
-0.111776
-0.240826
-0.133300
0.417628
0.512018
0.244721
0.193556
-0.854000
-0.342109
0.123778
0.141971
-0.140431
-0.214265
-0.651920
-0.221408
-0.200855
0.040000
0.416494
-0.449711
0.008197
0.217900
-0.076698
0.046164
0.132469
0.184901
-0.051000
0.158283
0.106224
0.218890
0.063892
-0.289703
-0.111663
0.365766
-0.343212
0.058000
-0.365178
-0.692751
0.082798
-0.066550
0.481705
0.163264
-0.542350
0.556237
0.535000
-0.053921
0.826441
-0.343291
0.010580
-0.347374
0.032455
0.344548
-0.138353
-0.044000
0.317293
-0.287905
0.062376
0.014742
-0.065721
-0.040456
-0.358337
0.208905
0.967000
-0.729923
0.510240
0.038763
0.289040
0.132697
-0.170802
0.044935
0.062292
0.829000
0.499753
-0.367738
-0.125440
-0.259140
-0.031240
0.187982
0.255821
-0.361921
-0.292000
0.091175
0.275520
0.099697
0.040293
0.297684
-0.258210
0.440835
-0.415694
0.510000
0.067903
-0.592105
-0.103301
-0.149330
-0.512939
0.236706
-0.220833
0.385143
-0.550000
-0.283892
0.402725
-0.000191
0.112109
0.472952
0.012812
-0.049622
-0.070901
0.315000
0.083635
-0.642732
-0.155405
-0.221238
0.159036
0.045076
0.037840
0.087343
0.647000
-0.200373
0.593310
-0.041868
0.357854
-0.063019
-0.002532
0.103082
-0.271868
-0.280000
0.160040
-0.093728
0.087323
-0.246070
-0.071706
-0.326889
-0.040603
0.458484
0.949000
0.256588
0.289965
0.328794
0.347911
-0.140802
-0.052651
0.127784
-0.050958
-0.967000
-0.580742
-0.446559
-0.079972
-0.064522
-0.039811
-0.191284
-0.213117
0.459669
-0.575000
0.187071
0.144762
-0.109631
-0.243495
0.259911
0.242754
0.037298
-0.540527
0.322000
-0.258993
0.360304
0.013144
0.273854
0.473883
0.254785
0.152012
-0.621415
-0.207000
0.268338
-0.384209
-0.359864
-0.184217
-0.567108
0.204324
-0.082220
0.542574
0.157000
0.018735
0.012212
0.340729
-0.096364
-0.016435
-0.245719
-0.045516
-0.034106
-0.801000
0.069888
-0.089811
0.266881
-0.539549
0.226933
-0.205770
-0.311535
0.243353
-0.478000
-0.491767
-0.454014
-0.329276
0.626389
-0.418265
0.035964
0.455810
-0.070757
0.902000
0.398272
0.481302
-0.215642
-0.273482
0.219661
0.155044
-0.035779
0.154418
0.521000
-0.064676
-0.199001
-0.137886
0.053390
0.123702
0.021954
0.229299
0.173744
-0.305000
0.729005
0.539010
0.363475
-0.243996
-0.511457
-0.046567
-0.161559
0.044187
-0.206000
-0.720050
-0.341974
0.128728
0.250879
0.215829
-0.125232
-0.062636
-0.182664
-0.908000
-0.075317
-0.031175
0.323689
0.211430
-0.034677
-0.094792
-0.144141
0.025517
-0.493000
0.039522
-0.269027
-0.457635
-0.183204
0.350255
0.472404
-0.226127
-0.036944
-0.665000
0.097083
0.220245
0.158422
-0.147043
-0.240827
-0.239949
0.375941
-0.109536
0.838000
-0.365248
0.127611
-0.231708
-0.335915
-0.095922
0.204901
0.092277
0.712939
-0.282000
0.456728
-0.130270
0.434665
0.369481
0.373848
-0.799185
0.305142
-1.082726
0.387000
-0.136990
-0.023464
-0.258286
-0.024751
0.075298
0.257825
-0.350476
0.502509
0.700000
-0.206100
-0.133320
0.210322
0.565759
-0.117967
-0.237871
-0.003494
-0.570886
0.251000
0.407932
0.098928
-0.571537
-0.595230
0.104418
0.631729
-0.309282
1.037856
-0.708000
-0.240667
0.036718
0.346318
0.055368
-0.168254
-0.232988
0.377154
-0.468107
0.568000
0.272551
0.019876
0.426461
0.136939
-0.030125
-0.442994
0.007580
0.551231
0.508000
-0.351547
0.201642
-0.737330
-0.176547
0.040935
0.519221
-0.438153
-1.004464
-0.450000
0.255263
-0.038191
0.356603
0.011206
0.051759
-0.327487
0.244120
0.340045
0.446000
0.012905
-0.460605
-0.107822
-0.601464
0.515270
0.503804
0.134664
-0.301034
0.361000
0.327622
0.018299
0.369586
0.606208
-0.491290
-0.483519
0.214181
0.452941
-0.215000
-0.289035
0.143620
-0.260128
-0.083965
-0.006764
0.350604
-0.265654
-0.237783
-0.932000
-0.079990
0.390586
-0.001534
0.242303
-0.404513
0.036560
-0.139395
0.181751
0.845000
-0.133557
-0.354946
-0.162546
-0.434748
0.253994
-0.479424
0.293143
-0.116964
0.451000
0.225335
0.036645
0.166403
0.285185
-0.108398
0.299319
-0.199988
0.164861
-0.340000
0.159873
-0.447865
-0.084932
0.124708
0.251700
0.275090
0.466426
0.012845
0.611000
-0.223482
0.710176
-0.043204
0.040245
0.000299
-0.115339
-0.653946
-0.668863
0.160000
-0.135786
-0.191426
0.119953
-0.162419
-0.336994
0.075711
0.320296
0.508014
0.668000
-0.017837
0.218565
-0.136188
-0.254517
0.372486
-0.465598
-0.311199
-0.013909
0.954000
0.081896
-0.370217
0.135718
0.497992
-0.500946
0.000736
0.687039
0.201301
-0.811000
-0.035505
0.073621
-0.041222
-0.125626
0.314924
0.207710
-0.456003
0.034642
-0.993000
-0.030584
-0.059042
0.455292
0.010754
-0.213370
0.301949
-0.068656
0.238794
0.030000
0.412520
0.194164
-0.547963
0.189068
-0.364851
-0.137504
0.053714
-0.368691
0.506000
-0.251653
-0.074442
0.172981
-0.234793
0.678002
-0.156861
-0.139038
-0.129196
-0.338000
0.017827
0.179057
-0.264479
0.015121
0.091727
-0.094347
-0.421126
-0.205610
-0.589000
-0.282649
0.087448
0.165830
-0.246778
0.292309
0.282700
0.536220
0.248225
0.121000
0.130739
-0.172046
0.199695
0.296152
-0.547949
0.016242
-0.204313
-0.002957
-0.571000
0.053228
-0.209640
0.116195
0.043358
0.028958
-0.225950
0.291604
0.144627
-0.630000
-0.107207
0.086150
-0.201154
-0.085470
-0.121108
0.395106
-0.542770
-0.176912
-0.277000
0.330016
-0.083988
0.115995
-0.090455
-0.070607
-0.355738
0.227820
0.378507
0.776000
-0.077559
0.137978
0.019103
-0.010271
-0.459564
0.118357
-0.309402
0.203617
0.162000
-0.056369
0.074445
0.107926
0.243058
0.752718
0.155752
0.318251
-0.250420
0.383000
0.028911
0.060632
-0.209777
-0.128959
-0.277131
-0.003534
-0.220807
-0.383155
0.294000
0.060828
0.028339
-0.121391
-0.449430
0.154641
0.155714
0.023349
-0.133591
-0.075000
0.274804
-0.072920
0.021592
0.169347
-0.168646
-0.180791
0.045022
-0.086220
0.345000
-0.239102
0.013601
0.083215
0.215375
0.068967
-0.027877
0.019802
0.478650
0.878000
-0.150046
-0.217501
0.263814
0.023217
0.271265
-0.041317
-0.298202
0.188646
0.095000
0.011279
0.407530
0.041888
-0.232308
-0.267014
-0.517636
0.264376
-0.216245
0.531000
0.066801
-0.211222
-0.281864
0.283302
0.215798
0.384843
-0.060870
-0.000600
0.854000
0.304193
0.041656
-0.205447
0.283834
-0.344727
-0.020348
0.138339
-0.010690
-0.188000
0.055425
-0.240482
0.182781
-0.314048
0.508479
0.561070
-0.381734
0.078693
-0.172000
-0.272097
0.044348
0.164881
0.095761
-0.326634
-0.432675
0.283133
-0.145796
0.462000
-0.436535
-0.073395
0.077671
0.049591
-0.142234
0.124271
-0.024402
-0.023928
-0.006000
-0.184272
0.501602
-0.254677
0.033317
0.371668
-0.017465
-0.120327
-0.072360
0.667000
0.608125
-0.202045
-0.052203
-0.144030
-0.056703
-0.122077
0.003160
0.174551
0.956000
0.301138
-0.110541
-0.401145
0.016160
-0.268387
0.039959
-0.048477
0.508791
0.536000
-0.467424
0.347314
0.357758
-0.179270
0.165468
0.024339
0.398961
-1.061557
0.481000
0.072939
-0.256077
-0.010062
0.201571
0.018648
0.024569
-0.378121
0.593518
0.627000
0.129259
-0.110685
-0.008356
-0.294479
0.145704
-0.067210
0.314572
-0.347467
0.463000
-0.245500
-0.114626
0.377490
0.720157
-0.156001
-0.226512
-0.546827
0.480259
-0.723000
0.170294
0.265770
-0.328888
-0.449915
-0.169995
0.309745
0.204664
-0.030056
0.941000
0.455035
-0.045322
0.137934
-0.399448
-0.020696
0.126402
-0.232545
0.188426
-0.224000
-0.613509
0.621675
-0.254573
0.082109
0.075719
-0.092842
0.304219
-0.391092
-0.720000
0.241810
-0.657143
0.239226
0.276712
0.012215
0.014457
-0.100796
0.034341
-0.101000
-0.288740
0.289471
-0.074938
0.074576
0.108084
-0.269243
-0.404421
-0.103201
0.032000
0.786139
-0.725163
0.296069
0.013178
-0.023549
0.339383
0.670778
0.104493
-0.855000
-0.665496
0.639920
-0.392009
-0.111102
-0.117036
-0.177457
-0.106778
0.214716
-0.093000
-0.213248
-0.259950
0.161277
0.290394
-0.568828
-0.075651
0.314922
0.256284
-0.205000
0.426745
0.536243
-0.258352
-0.238530
0.562638
0.086698
-0.511741
-0.336079
-0.775000
-0.211810
-0.290892
0.248072
0.086041
-0.013381
-0.026273
-0.055672
-0.008772
0.439000
0.092729
-0.117692
-0.215114
-0.094102
0.578822
-0.177799
0.162220
-0.365326
-0.557000
-0.140688
-0.081298
0.316724
0.461202
-0.745384
0.021288
-0.205146
0.748841
0.800000
-0.068936
0.019864
-0.262108
-0.414857
0.476748
0.226520
0.071496
-0.272282
0.817000
-0.230620
0.499628
0.082043
-0.432566
-0.244524
0.319481
-0.239689
-0.190533
0.800000
0.264768
-0.607624
-0.158467
0.284228
0.077404
-0.231119
0.253279
0.673874
-0.943000
-0.022220
0.261008
0.129370
0.097445
0.407828
-0.256422
0.017685
-0.675337
0.255000
0.418637
-0.058774
0.198006
-0.011911
-0.236079
0.097694
0.059111
-0.308298
-0.834000
-0.347832
0.010413
-0.360480
0.296665
0.449608
-0.182045
-0.163320
0.374492
0.163000
-0.097768
-0.088477
0.210281
-0.230348
-0.471279
0.214389
0.145967
0.070673
-0.427000
-0.372509
0.286523
-0.217442
0.231388
-0.099190
0.021420
0.589504
0.236314
0.151000
0.186397
0.038202
0.315034
-0.760283
-0.010271
-0.085846
-0.934395
-0.615634
0.325000
-0.006370
0.016950
-0.158560
0.360416
-0.101621
0.214904
0.418224
0.344256
0.828000
-0.054741
-0.315925
-0.117308
-0.182104
-0.107120
0.116446
-0.259893
-0.346068
0.268000
0.262301
-0.010900
0.295089
0.584752
0.089510
-0.377994
0.705966
0.842099
-0.390000
-0.107739
0.070852
-0.209371
-0.373930
0.168571
0.098343
-0.399881
-0.417694
0.733000
0.291821
0.437085
-0.188548
0.147941
0.199342
0.016560
0.159090
0.236611
0.783000
-0.711182
-0.365709
0.260413
-0.592707
-0.258619
-0.089098
-0.164694
-0.322564
0.740000
0.280988
0.076471
-0.065474
0.426227
0.035127
0.305235
-0.003383
-0.133249
0.992000
-0.262457
0.135534
-0.130535
-0.264644
-0.155746
-0.238737
-0.005500
-0.135896
-0.098000
0.546350
-0.180545
-0.167402
0.333494
0.355570
0.579715
-0.255754
0.199332
-0.822000
-0.302864
0.089016
0.215496
-0.040836
-0.025325
-0.498770
0.291918
0.023524
0.726000
0.052789
-0.371896
-0.257255
0.522602
0.180646
0.027324
0.298575
0.232287
0.148000
-0.316517
0.320171
0.610057
-0.547907
-0.103242
0.058920
-0.364118
-0.447950
-0.455000
0.291438
0.044053
-0.301383
0.046024
-0.376302
-0.047381
0.080656
0.248055
-0.524000
0.222191
-0.158135
-0.198545
0.000664
-0.178567
-0.183777
0.299987
-0.052181
-0.254000
-0.094619
0.199692
0.332070
-0.061506
0.149071
0.276380
-0.219189
-0.117080
0.836000
-0.172237
0.023005
-0.011854
-0.125273
0.185202
-0.159721
0.101410
0.035712
-0.464000
0.040693
-0.334289
0.198242
0.050754
0.071972
0.038287
0.395464
0.083626
-0.352000
-0.290244
-0.290758
-0.434631
0.094196
0.143846
-0.097533
-0.214299
-0.077676
0.150000
0.300671
0.508522
0.078152
-0.037525
-0.154149
0.053893
-0.276988
0.060852
-0.170000
0.086045
0.411579
-0.090755
-0.684630
-0.009351
0.137736
-0.010137
-0.286366
0.439000
0.072502
-0.263171
0.184286
0.819645
-0.273896
-0.548351
-0.123161
0.580474
0.751000
-0.180890
-0.123969
-0.024715
-0.114680
0.148366
0.352367
0.236670
-0.309062
0.258000
0.366558
-0.469491
0.235504
0.563854
0.209566
-0.246132
-0.047617
0.301710
-0.756000
-0.050708
0.732050
0.221355
-0.612552
-0.279912
0.117425
-0.430065
-0.196025
0.724000
-0.040252
-0.363428
-0.331799
0.041063
0.069955
-0.029759
0.414431
-0.010821
-0.788000
-0.693391
0.533691
0.112174
-0.048560
-0.295246
0.201403
-0.041750
-0.084033
-0.895000
0.281745
-0.896014
-0.675824
-0.120900
0.277709
0.241655
0.686582
0.355700
-0.403000
0.103721
0.367317
0.389209
0.138903
0.094992
-0.229872
-0.598861
-0.282898
0.398000
0.228955
-0.245459
-0.148659
0.241919
-0.119827
0.071082
-0.356216
-0.032973
0.153000
0.274367
-0.116743
0.181245
0.089524
0.687289
-0.573636
0.378074
-0.097458
0.786000
-0.503518
0.142447
-0.015859
-0.279290
-0.203998
0.338905
-0.149994
0.265175
0.374000
-0.120681
0.456029
0.209200
0.081200
0.233066
-0.142042
0.358354
-0.372287
0.199000
-0.236843
-0.161021
-0.234890
-0.418410
-0.469087
0.322698
-0.605429
0.440360
0.859000
0.351223
-0.089685
0.042049
0.392967
0.088241
-0.150470
0.313422
-0.302901
-0.863000
0.154350
-0.291599
-0.022062
0.080297
-0.134130
0.493236
-0.378177
-0.026494
-0.102000
-0.120541
0.362948
-0.205914
-0.385425
0.176360
-0.978747
0.712287
0.006070
0.810000
-0.008815
-0.194097
0.217863
0.168998
-0.136726
0.468316
-0.222240
0.256132
0.695000
0.064368
-0.064352
-0.010588
-0.487459
0.213728
0.007722
0.105888
0.092826
-0.256000
-0.019720
0.226795
0.213086
0.671895
-0.617065
0.349791
-0.271842
0.143235
0.233000
0.048753
-0.115513
-0.149610
-0.096287
0.357456
-0.356124
0.157423
-0.364242
0.237000
0.402363
0.013268
0.155887
0.465957
0.350714
-0.460897
-0.245616
0.011165
0.608000
0.128234
-0.023402
-0.289389
-0.547236
-0.154078
0.139534
-0.170991
-0.288969
-0.973000
-0.496782
0.000003
0.222694
0.112270
-0.316975
0.130704
0.352358
0.397111
0.437000
-0.264904
0.003286
-0.231760
-0.506801
-0.224253
0.294773
0.262208
0.326417
0.327000
-0.274602
-0.030490
0.270191
0.721519
-0.203754
-0.195357
0.066972
-0.298051
0.236000
0.414154
0.066109
-0.197610
-0.315137
0.560898
0.067463
-0.269259
-0.106370
-0.374000
0.467387
-0.104306
0.237401
0.210665
0.270121
-0.457998
-0.571851
0.060742
-0.342000
0.136114
-0.053648
0.011696
-0.272015
-0.251276
0.637474
0.281081
0.150016
0.057000
-0.453910
0.185723
-0.214536
0.258747
-0.034375
-0.362270
0.174621
-0.180731
-0.478000
-0.262453
0.231651
-0.098187
0.102356
0.123750
0.028283
-0.047480
-0.089873
-0.632000
0.064147
-0.263200
-0.061882
-0.163057
-0.109190
0.272016
-0.004965
-0.419156
0.378000
0.074661
-0.083046
0.250559
0.075781
0.101265
-0.224729
0.185308
0.303946
0.319000
0.161099
-0.060320
0.030807
0.296011
-0.144045
-0.074416
0.024360
0.047011
-0.889000
-0.456909
0.042131
0.156838
-0.022599
-0.319679
0.082137
0.007724
0.494088
-0.499000
0.344743
0.136873
-0.235105
-0.284452
0.443160
-0.198128
-0.080807
-0.298737
0.022000
-0.098107
0.055506
0.244616
-0.242780
-0.030088
0.012044
0.341850
-0.413843
0.333000
0.571656
-0.014172
-0.359242
0.194142
0.402161
-0.298554
-0.427111
0.157137
-0.324000
-0.481504
-0.311376
0.248490
0.043573
-0.464708
0.348443
0.290646
0.211390
0.747000
-0.368881
-0.200575
0.208683
0.127012
-0.096361
-0.070365
-0.198679
0.325928
-0.710000
0.380697
0.476428
-0.155406
-0.201025
-0.253114
0.082885
0.409009
-0.134871
-0.078000
0.139597
-0.103610
-0.116348
-0.015262
0.567011
-0.074885
-0.348756
-0.377609
0.952000
-0.426785
0.312250
0.322529
-0.138180
-0.063910
-0.017292
-0.257747
0.116897
-0.135000
0.746661
-0.095800
-0.493226
0.333950
-0.166366
0.474848
-0.122209
-0.160609
-0.860000
-0.166175
-0.195487
0.074393
-0.115615
-0.021581
-0.238008
0.271256
-0.035460
-0.726000
-0.071993
0.417179
-0.117642
0.178317
-0.080840
-0.136764
0.088996
-0.010892
-0.150000
0.149156
0.012123
0.143197
-0.579432
-0.022166
-0.110163
-0.273293
0.110609
0.514000
-0.231918
-0.364559
0.079460
0.309475
0.040695
0.231334
0.271339
0.007767
0.038000
-0.300862
-0.481900
0.231081
0.159640
0.191060
0.235387
-0.237010
0.104746
-0.579000
0.622708
0.285237
-0.233548
0.066545
-0.092285
-0.148283
0.649697
-0.046732
0.985000
-0.275510
0.003666
-0.015323
-0.209354
-0.076022
0.124387
-0.453466
0.002038
0.097000
0.094921
0.283293
-0.310678
-0.246910
-0.366651
-0.527416
0.136190
-0.243409
0.164000
-0.349297
-0.559819
0.096816
0.234810
0.707299
0.825963
0.175750
-0.566875
-0.683000
0.152614
0.409564
0.264851
0.112634
-0.240925
-0.564758
-0.209706
0.522403
-0.568000
0.024301
-0.324004
0.210934
-0.148707
0.481839
0.298684
0.009840
-0.119358
0.405000
0.486270
0.209501
-0.071657
0.299526
-0.875537
-0.470921
-0.363762
0.724544
0.163000
-0.278175
0.160797
-0.191348
-0.153728
0.149321
0.234680
0.269795
-0.463336
-0.509000
-0.042028
0.092147
-0.330624
0.261391
0.025013
-0.278994
0.159190
0.013417
-0.438000
-0.079862
-0.004745
0.426095
-0.649297
-0.075738
0.338057
-0.372325
-0.133480
-0.271000
0.110306
-0.012926
0.066432
0.421509
-0.036111
-0.022684
0.277116
-0.131498
-0.822000
0.176062
-0.009823
0.226127
0.439573
-0.609509
-0.278092
0.260738
0.138401
-0.343000
0.401440
-0.444692
-0.352787
-0.746439
0.457951
0.916139
-0.466784
0.371393
-0.447000
-0.547536
0.528539
0.040052
0.188648
0.026077
-0.686235
0.252711
-0.217838
-0.256000
-0.059977
-0.306889
-0.074066
0.483233
-0.238397
0.186796
0.138131
-0.019281
-0.792000
0.296667
0.300537
0.121921
-0.547716
0.748807
-0.242011
-0.361537
-0.075841
-0.484000
-0.222933
-0.287215
0.071565
0.286292
-0.386265
0.013904
0.198766
0.051203
-0.868000
0.267574
0.158016
0.251160
-0.163103
-0.002896
-0.181572
0.253147
-0.039881
-0.656000
-0.613043
-0.329945
-0.569973
0.255930
0.081925
0.151443
-0.078635
-0.060541
-0.966000
0.241012
0.245338
0.319173
-0.221185
-0.104870
0.093428
-0.284201
0.236959
0.619000
-0.234056
-0.208267
-0.370940
0.020661
-0.377371
0.134326
-0.122988
0.017826
-0.572000
0.067337
0.495815
0.603706
0.013564
0.488758
-0.255065
0.172667
-0.230941
-0.500000
0.155212
-0.342150
-0.475540
0.061620
0.042238
0.045416
0.028763
0.317368
-0.463000
0.068389
-0.236354
-0.057212
-0.053153
0.145967
0.217195
0.194570
0.195563
-0.980000
0.223216
-0.217918
0.340921
0.178326
0.097139
-0.074984
0.070375
-0.085230
-0.289000
-0.237724
0.467231
-0.046992
-0.132843
-0.438642
-0.066114
-0.345301
-0.126113
-0.458000
-0.158828
0.163791
-0.042168
0.161200
-0.026661
-0.066955
0.103968
-0.239981
0.130000
-0.185362
0.030889
-0.403527
-0.175875
-0.056673
-0.217135
-0.081734
-0.062408
0.624000
0.259394
-0.283159
0.390552
-0.045424
0.158989
0.066642
0.186730
0.413019
-0.574000
0.413183
-0.046772
0.149200
-0.200165
-0.229032
0.050234
0.015864
0.173555
-0.560000
-0.585134
0.286613
0.015244
0.410692
0.609737
0.043976
0.148353
0.071861
-0.892000
0.193061
-0.041878
-0.357221
-0.246224
-0.486169
0.153937
-0.296087
-0.145990
0.670000
-0.086609
-0.069394
-0.198927
-0.477443
0.299880
0.016817
-0.170277
-0.037403
-0.457000
-0.027142
0.150592
-0.209030
0.211960
-0.243591
0.024326
0.020828
0.026813
0.013000
0.118333
-0.060474
0.456169
0.207375
-0.014446
-0.080387
0.074376
-0.061139
0.682000
-0.183478
0.325731
-0.033300
0.078044
-0.109612
-0.041832
-0.369486
0.433972
-0.241000
0.240728
-0.527972
0.191415
0.201413
-0.032273
-0.101702
0.445119
-0.194690
0.604000
0.095958
0.222620
-0.197505
-0.289636
-0.007571
0.089529
-0.167368
0.029094
0.109000
-0.105871
0.133384
0.042849
-0.142769
0.191123
0.441386
0.192392
-0.308604
0.717000
-0.198333
-0.136587
-0.165938
0.159651
-0.205337
-0.509433
-0.190274
-0.043308
-0.605000
0.094290
-0.037342
0.168380
0.103296
-0.110682
0.079268
0.224737
0.224518
0.510000
0.264094
-0.201829
-0.297856
0.167804
0.431043
-0.004776
0.268728
-0.221717
0.449000
-0.393746
0.258441
0.057754
-0.078511
-0.466979
0.106375
-0.361124
0.076779
0.946000
0.206376
0.012281
0.199342
-0.170076
0.257523
-0.093315
0.010716
0.062683
0.671000
-0.296763
-0.177168
0.056705
-0.280635
-0.076664
0.075323
-0.234449
0.264414
0.703000
0.102621
-0.139558
-0.406097
0.223794
0.140838
0.303144
0.840240
0.026275
0.675000
0.102602
0.162172
0.291125
0.094287
-0.134538
-0.226025
-0.496830
-0.296949
-0.043000
0.381943
0.324779
0.298227
-0.034836
-0.069533
0.229993
-0.181432
-0.632786
0.080000
-0.371628
-0.072575
0.032707
0.041590
-0.159699
-1.030204
-0.511019
0.746349
0.229000
0.183349
-0.135262
-0.265265
0.012154
0.363440
0.420183
0.620753
-0.258233
-0.201000
-0.036377
0.130776
-0.053902
0.061741
0.619284
0.133668
0.102707
0.554307
0.922000
-0.177393
-0.077550
-0.135993
-0.172032
-0.518206
0.148592
0.043286
-0.456985
0.575000
0.153241
-0.025227
0.081082
-0.001998
-0.295661
0.076243
-0.048242
0.004171
0.879000
-0.404113
0.500604
0.020454
0.076302
-0.705232
-0.147953
-0.131492
-0.118570
-0.652000
0.087218
-0.331614
0.177452
0.081501
0.617527
-0.036953
0.266618
0.148106
0.664000
0.099826
-0.210271
-0.022071
-0.119497
0.225898
0.100417
-0.202906
-0.057970
0.870000
0.135490
-0.338688
0.215410
-0.036032
-0.119299
0.126153
0.071481
0.256562
-0.358000
0.133005
0.593551
-0.230399
0.052433
0.342060
-0.050733
-0.061932
-0.541192
0.628000
-0.185261
-0.171241
-0.152942
-0.139001
-0.275143
-0.110030
-0.000251
0.520450
0.766000
-0.105431
0.034693
-0.050605
0.060692
0.059653
-0.016036
0.106518
-0.128043
0.594000
0.056081
-0.341750
-0.019904
-0.313634
-0.131339
-0.248066
-0.072127
0.471384
-0.610000
0.108132
0.084145
0.145031
0.205297
0.179872
0.196570
0.053424
-0.371280
-0.082000
0.040022
-0.064409
0.407395
-0.003510
0.179922
-0.096964
-0.240857
-0.076717
-0.696000
-0.339024
0.396506
-0.645928
-0.051402
0.044699
0.431252
0.308904
-0.239256
0.551000
0.201185
-0.263297
0.256358
-0.053906
-0.332429
-0.002604
-0.136614
0.226285
0.813000
-0.379657
0.051363
-0.202280
-0.132486
-0.130917
0.334510
-0.102411
0.001043
-0.454000
0.620027
-0.230311
0.171876
0.146606
-0.184472
-0.360513
0.004042
0.416452
-0.073000
-0.257629
0.211956
-0.046382
0.102228
0.285041
-0.143555
0.266600
-0.425313
-0.559000
0.201115
0.243341
0.120244
0.103788
0.277167
-0.305678
0.165053
-0.083120
0.500000
-0.082903
0.016690
-0.152733
-0.129448
-0.501395
0.179243
-0.196461
0.198971
0.352000
-0.094291
-0.289141
0.150147
-0.029192
0.423194
0.097943
-0.003624
-0.304117
0.353000
-0.193330
-0.135930
0.039252
0.031932
-0.278996
-0.061587
-0.178706
-0.006692
-0.462000
0.229822
0.151827
-0.053629
0.180953
0.039392
0.224444
-0.075706
-0.218476
0.446000
-0.090975
-0.022603
-0.059363
-0.093727
0.093114
-0.184594
0.207428
0.419769
0.263000
0.129063
0.055234
0.291906
-0.279867
-0.043599
-0.064118
0.076652
-0.111915
0.757000
0.005359
-0.015816
-0.359713
0.123990
0.388957
0.411568
-0.469617
0.554589
-0.795000
-0.140851
-0.194998
0.019641
0.125814
-0.242677
-0.126450
0.375019
-0.529504
0.366000
-0.222036
-0.312415
-0.523061
0.480387
0.030939
0.522800
0.105883
-0.091043
0.268000
0.386282
-0.057587
0.524571
-0.742167
-0.422758
-0.621285
0.065606
-0.119654
0.130000
-0.154951
0.429988
0.134465
0.319576
0.460037
-0.023673
-0.292749
0.127923
0.706000
0.106046
0.195360
0.402674
0.262718
0.125674
-0.189778
-0.157397
-0.126974
0.623000
-0.186563
0.310611
-0.237963
-0.455404
-0.151464
0.395771
-0.139661
0.040413
0.710000
0.158366
-0.629724
-0.047498
0.233300
-0.279766
-0.191820
0.518465
0.062006
0.574000
0.556438
-0.038260
-0.048084
0.247383
-0.165707
-0.257822
0.209201
0.069615
-0.025000
-0.258956
-0.214973
-0.211700
-0.308999
0.393909
-0.121073
0.212404
-0.053663
-0.123000
-0.263542
0.251718
0.000085
0.101716
0.186913
0.303478
-0.643480
0.013726
-0.519000
-0.036835
-0.132918
-0.081503
-0.212728
-0.153996
-0.182243
-0.150839
0.010745
-0.142000
-0.217104
0.401379
0.192383
0.119833
0.489928
0.677120
-0.236208
-0.191849
-0.450000
0.309498
-0.046527
-0.044407
0.013062
-0.307418
-0.455136
0.260148
-0.013943
0.012000
0.081944
-0.383387
0.288719
-0.323367
-0.068807
0.174055
-0.256051
-0.031930
0.517000
-0.436558
0.219836
0.239968
0.612719
0.357253
-0.783222
0.408690
0.171037
-0.288000
0.266150
0.248922
-0.429454
-0.270905
-0.230089
0.456965
-0.200208
-0.203237
-0.947000
0.069125
0.393441
-0.112868
-0.293264
0.379454
-0.223378
0.108943
-0.124275
0.475000
-0.302065
-0.115363
-0.217963
0.426282
-0.071847
0.435446
-0.375221
-0.203236
-0.841000
0.238259
-0.241431
0.290721
-0.238759
-0.086372
-0.212126
0.288711
0.249151
0.437000
-0.125941
-0.315340
-0.040874
0.188340
-0.424889
0.159244
0.580382
0.185665
-0.290000
0.775532
0.132516
0.077871
-0.177763
0.474367
-0.240649
-0.379824
-0.280860
-0.210000
-0.664410
0.059107
0.011733
0.064349
-0.272205
0.228990
-0.149669
0.173931
-0.668000
-0.042728
-0.290330
-0.142611
-0.506618
-0.218678
0.063535
-0.321751
-0.174628
0.782000
-0.216426
-0.099092
0.523616
0.803796
0.250105
-0.086395
0.526427
0.125099
0.772000
0.299609
0.345387
-0.453619
-0.343829
0.075659
-0.147655
-0.078747
0.128704
-0.068000
0.562459
-0.153696
0.173446
0.231253
0.331091
-0.073932
-0.263962
0.123568
-0.696000
-0.233649
-0.063329
-0.383679
-0.430681
-0.151342
-0.058451
0.503426
-0.399715
-0.053000
-0.094944
0.216403
0.199986
0.191590
-0.123689
0.150077
-0.292381
0.111079
0.327000
-0.126956
0.097621
0.177022
-0.006956
0.114731
-0.030045
-0.079781
-0.223248
-0.966000
-0.178873
0.257300
-0.154549
-0.298916
-0.251524
0.079361
0.022415
0.459730
-0.761000
0.241389
-0.483510
0.065783
0.349177
0.088625
0.047008
0.078926
-0.251111
-0.354000
0.082780
-0.402281
-0.119574
0.391000
0.116891
-0.007440
-0.343700
-0.016374
0.891000
0.322892
0.497611
0.195467
-0.475413
-0.448681
0.472649
0.195463
-0.044447
-0.635000
-0.363961
-0.054871
-0.119195
0.069015
0.195437
-0.457989
0.210860
0.128948
-0.408000
-0.231090
0.355906
-0.223330
0.254655
-0.221033
-0.013482
0.075545
0.247273
-0.654000
0.064889
-0.439709
0.075328
-0.358208
0.597095
-0.646343
-0.022942
0.104970
0.738000
-0.050883
0.173452
0.147197
0.156931
-0.415770
0.542625
-0.038405
-0.160672
0.339000
0.366350
-0.006347
-0.099858
-0.010299
0.038723
-0.100894
-0.283021
-0.021737
0.256000
-0.317767
-0.033287
0.234664
-0.253213
0.070081
0.367194
0.370186
0.044525
0.116000
-0.222441
0.048617
-0.093885
0.241796
-0.113204
-0.111068
-0.202006
0.015695
0.610000
-0.263029
-0.209729
0.353290
0.166111
0.247144
0.192821
-0.064951
-0.241519
0.195000
0.072811
-0.212282
-0.559763
0.181450
-0.373794
-0.045806
0.096924
0.361546
0.302000
0.224239
0.463312
0.129966
-0.315913
-0.090184
0.015786
-0.011093
-0.119029
-0.574000
0.151921
0.305648
-0.017635
-0.151273
0.274393
-0.112137
0.006487
-0.107452
0.286000
0.310734
-0.264978
0.006771
-0.222869
0.055394
-0.272524
-0.369557
0.366461
-0.109000
-0.242178
-0.155788
0.057742
0.321009
-0.154485
0.136536
0.343976
-0.177892
-0.805000
-0.132657
-0.033607
-0.334266
0.321068
0.000246
0.205128
0.259882
0.116944
0.629000
-0.243676
0.245553
0.191747
-0.300699
-0.264875
0.035535
0.006710
-0.564662
0.145000
0.316592
-0.110073
0.020262
0.066085
0.162694
0.049236
-0.238208
0.152724
0.343000
0.173173
-0.053223
0.444391
-0.056219
0.042374
-0.590359
-0.078512
0.343472
-0.412000
0.238062
-0.294646
-0.335074
-0.097194
-0.186203
0.102498
-0.031189
0.349472
-0.312000
-0.351205
0.137667
-0.161429
0.162114
0.069214
0.223870
0.159652
-0.202082
0.943000
-0.270715
0.045106
-0.270321
0.269262
-0.369419
0.036719
-0.451724
-0.291315
0.280000
0.095454
-0.087875
0.429060
-0.222714
0.674385
0.205234
0.864820
0.018542
0.346000
0.243049
0.290035
-0.317487
-0.157038
-0.087607
-0.200089
-0.435817
-0.066797
0.872000
-0.173227
-0.005463
-0.031809
-0.296945
0.087299
0.277099
0.205237
-0.072145
-0.821000
-0.069566
0.112665
0.057887
0.540105
-0.274158
-0.138501
-0.579719
0.065146
0.640000
0.134219
-0.117824
0.147286
-0.208173
0.022566
-0.056774
0.348642
0.105555
0.098000
-0.026206
0.042544
0.273777
0.155574
0.264781
0.101278
-0.060746
-0.129616
-0.014000
0.016961
-0.112653
-0.318854
-0.067008
-0.311429
-0.284277
0.331941
0.245680
-0.693000
-0.040218
-0.032411
0.054199
-0.071532
0.042779
0.174436
-0.114795
-0.151299
0.751000
0.011857
0.341123
-0.360769
-0.371519
-0.059203
0.086284
0.034532
0.257570
-0.473000
0.183260
-0.342447
0.271492
0.290728
-0.464153
0.189460
0.049645
-0.195592
0.141000
-0.144411
0.163111
-0.076001
-0.057675
0.414578
-0.242397
0.000501
0.053497
-0.116000
-0.047962
-0.078833
0.016267
-0.065826
0.235736
0.026316
-0.050962
-0.024108
0.955000
0.251847
-0.198303
0.421169
0.303856
-0.346194
0.192825
-0.158490
-0.420021
-0.325000
-0.190218
0.068144
-0.276594
-0.133148
-0.000560
-0.086889
0.206333
0.327431
0.097000
-0.091655
0.078388
-0.161968
0.170823
-0.424219
-0.001957
-0.078846
0.318719
-0.328000
-0.405112
-0.195232
-0.232336
-0.355098
0.591018
0.110860
0.164050
-0.016955
-0.795000
0.566541
0.121787
0.226812
0.089001
0.033403
-0.244675
-0.065124
-0.282138
-0.545000
0.111676
0.491720
0.109754
-0.332694
0.519478
-0.145825
-0.193802
0.226043
-0.579000
0.030698
-0.113110
-0.351046
0.735600
-0.662690
-0.247612
0.058189
0.168537
0.046000
-0.222821
-0.264931
0.229704
-0.239275
0.083803
0.462383
0.012169
-0.437181
-0.715000
-0.411619
-0.225966
0.050556
0.004684
0.049617
0.114001
0.008689
-0.259781
-0.078000
0.113735
0.520708
0.113558
-0.091037
0.177760
0.342804
-0.295711
-0.021127
-0.458000
0.121605
-0.306003
-0.031255
0.035070
-0.360513
-0.474222
0.321666
0.351677
-0.299000
0.110794
0.028064
0.132758
0.219304
0.175422
-0.143740
-0.195543
0.258644
-0.347000
0.040570
-0.349292
-0.507269
-0.281059
-0.045286
-0.120672
0.395258
-0.342486
0.480000
-0.171697
0.482585
0.245315
0.099612
-0.125108
0.196797
-0.142557
0.107635
-0.336000
-0.118478
0.339548
-0.186688
0.000616
0.224645
0.074812
-0.010467
-0.235727
0.536000
-0.224921
-0.144916
0.220974
-0.233688
0.149874
-0.126109
-0.049283
0.443373
0.337000
0.238383
-0.231113
0.065167
0.208047
-0.286092
0.058558
-0.015701
-0.251319
0.840000
0.336224
-0.222968
0.340434
-0.171326
0.002271
0.093640
-0.228437
-0.132310
-0.145000
-0.347925
-0.090398
-0.274359
0.451701
-0.566448
0.125797
0.455928
0.190756
0.941000
0.196211
0.304506
-0.084838
-0.296867
0.609292
-0.183516
-0.128653
-0.201753
0.386000
-0.195951
-0.040486
-0.177441
0.005286
0.223467
0.108789
0.079777
-0.057559
0.397000
0.216790
0.330641
0.084338
0.038987
-0.235085
-0.313288
0.125011
-0.236753
-0.191000
0.172060
-0.268473
0.068298
-0.055626
0.121522
0.115062
-0.273792
0.131120
-0.881000
0.540379
0.001246
0.165579
-0.414811
-0.426548
-0.324943
0.034595
-0.008274
-0.962000
-0.537729
0.149935
0.028781
0.520207
0.221362
0.596949
-0.089559
-0.154063
0.078000
-0.257689
-0.299600
-0.063885
-0.035006
0.236481
-0.448096
0.401413
0.179872
-0.420000
-0.416500
-0.000490
-0.195772
0.483781
-0.002776
0.530766
-0.182823
-0.081815
0.179000
0.602710
0.077225
-0.070667
-0.672685
-0.060663
-0.652545
0.278886
0.354053
-0.132000
-0.255637
0.029831
0.202691
0.125411
-0.006209
0.389277
-0.266556
-0.300110
-0.385000
0.141804
-0.357504
0.153670
0.043678
-0.089826
-0.292734
-0.324978
0.092367
-0.985000
0.268615
0.206779
0.167585
0.024773
0.347285
0.023361
0.240942
-0.123790
0.612000
-0.267816
-0.034837
-0.213975
-0.011527
-0.303092
0.018105
0.211160
0.210021
-0.938000
-0.012452
0.050166
0.052606
0.421860
-0.129825
0.296075
0.282291
-0.386283
0.760000
-0.600842
-0.055947
-0.273536
-0.777494
0.788872
0.131319
-0.228993
0.110287
0.988000
0.741692
-0.061692
0.175841
0.265760
-0.605099
-0.148958
-0.021068
0.005546
0.149000
0.104056
0.049662
0.204024
-0.195417
-0.082378
0.187974
0.355551
0.292483
0.609000
0.183732
0.169898
-0.448598
0.475692
-0.264224
-0.618058
-0.742315
-0.194581
0.910000
-0.358674
-0.232877
0.333752
-0.146329
0.390613
0.275258
0.326727
-0.044673
-0.652000
-0.170105
0.176254
-0.181018
-0.535672
0.372658
-0.185480
-0.197169
-0.083177
-0.376000
0.206042
0.108952
0.161534
0.326628
-0.397627
0.150825
0.084519
0.105551
0.284000
-0.066433
-0.286661
-0.134274
0.135489
0.155064
-0.003283
0.190827
0.000038
-0.835000
-0.171689
-0.186686
-0.024960
0.263015
-0.532328
-0.379939
0.309944
0.601632
-0.501000
0.361165
0.108949
0.181706
-0.169140
0.554634
0.436969
-0.441877
-0.484942
0.570000
-0.077110
0.140504
-0.070429
-0.091231
-0.111669
-0.028814
0.045133
-0.188800
0.228000
0.057994
0.054749
-0.096907
0.164395
-0.003370
0.257462
0.159448
0.151395
0.028000
-0.361303
-0.396225
0.046746
-0.129568
0.452574
-0.400482
-0.213327
-0.025394
-0.792000
0.284893
0.292401
0.053585
0.044372
-0.431070
0.142099
0.020963
-0.216041
-0.084000
0.073262
-0.608826
0.028600
-0.120661
-0.036730
-0.031871
0.095444
-0.014758
-0.021000
-0.124256
0.632026
0.238598
0.132141
-0.131153
-0.272833
0.129312
0.273048
-0.239000
0.161427
-0.008106
-0.325158
-0.124937
0.265133
0.254036
-0.240332
-0.158133
0.852000
0.110100
0.445534
0.147234
0.083904
0.434403
-0.120720
-0.615972
-0.028388
0.547000
-0.146307
-0.010695
0.147070
-0.100385
-0.542198
0.087970
0.836976
-0.321364
-0.228000
-0.008001
-0.265185
-0.253661
0.182777
-0.042974
-0.028584
-0.190606
0.291479
-0.621000
-0.172169
-0.069323
-0.216828
0.041635
-0.145826
0.047486
0.331314
-0.283858
0.958000
0.386512
-0.560650
0.136761
-0.090582
0.094591
0.202851
-0.526630
0.144088
0.068000
-0.111765
0.468256
-0.090741
-0.128977
0.196294
-0.014097
0.141559
0.231297
0.229000
-0.137951
-0.035349
0.100637
0.180995
-0.378961
0.221846
0.033704
0.189277
0.799000
0.296203
0.472456
-0.341960
-0.130523
0.139385
-0.332280
-0.148749
-0.077032
0.204000
-0.142697
-0.455780
0.377524
0.059383
0.153635
0.037963
0.179711
-0.171174
0.042000
0.277593
0.059313
-0.120162
-0.082376
-0.122924
-0.116274
0.081862
0.043417
0.722000
-0.150233
-0.132614
0.539228
-0.005849
0.228789
0.057406
-0.108626
-0.083296
-0.676000
0.025983
0.007081
-0.542407
0.042287
0.002333
-0.155640
-0.001975
0.170109
-0.970000
0.324088
-0.259173
0.011569
0.018952
-0.120439
-0.188742
-0.030636
0.193464
0.525000
0.125637
-0.056254
-0.183544
-0.113783
-0.143352
0.339825
-0.091388
-0.249607
-0.446000
-0.527336
0.269114
0.147749
0.149088
0.127023
-0.007141
0.253742
0.078829
-0.455000
-0.174544
0.039064
-0.020647
0.105466
0.131699
-0.161012
0.108645
-0.297735
-0.263000
0.065244
0.702673
0.202874
-0.166818
-0.113790
-0.298900
0.097099
0.403388
0.958000
0.032265
-0.655044
-0.159448
0.082485
0.055128
0.353157
-0.260017
-0.195277
0.987000
0.070355
0.045239
-0.100698
-0.050460
-0.069751
0.131514
-0.237267
0.268037
0.556000
-0.201966
-0.040169
-0.106304
0.180159
0.051705
0.139585
-0.191967
-0.211509
0.006000
0.106504
0.071183
0.076811
-0.081260
-0.257210
-0.142236
0.511846
0.087173
-0.290000
-0.095788
0.054605
-0.293673
0.420159
0.268364
0.014695
0.204939
0.124739
-0.747000
0.155691
-0.281292
0.389248
-0.796909
0.034486
0.163850
-0.108990
-0.357139
0.070000
0.011940
0.210371
-0.084556
0.328757
-0.288472
-0.058225
-0.250232
0.254810
0.204000
0.131187
0.103106
-0.062824
-0.187550
-0.069322
-0.301168
-0.124848
-0.128721
0.315000
-0.162665
-0.178076
0.519963
0.567869
-0.206230
0.381110
-0.205054
-0.018568
0.599000
0.173809
0.119615
-0.503901
-0.394141
0.482593
-0.217540
0.336263
-0.029128
0.831000
-0.162837
0.135534
-0.174523
0.293966
-0.130867
0.428210
0.213454
0.227643
-0.852000
-0.181014
-0.235725
-0.072234
-0.697335
0.404387
0.056760
-0.340331
0.048459
0.249000
0.232664
0.122652
0.221553
0.304545
-0.358572
-0.162821
0.163475
-0.349079
-0.779000
0.142357
-0.183306
0.031968
-0.302921
0.142248
-0.414221
-0.282103
-0.105878
0.154000
0.248744
0.300733
0.224562
0.181283
-0.392262
0.249669
0.340220
-0.042460
0.957000
-0.521886
-0.106251
-0.240328
0.156629
0.358176
0.027984
-0.046552
0.137604
0.499000
-0.205554
-0.123146
-0.060332
0.192744
0.135260
-0.191236
0.045388
-0.089703
-0.846000
0.003976
-0.177435
0.094556
-0.165783
0.204573
0.181892
0.238697
0.182403
0.776000
0.258581
0.215674
0.081498
-0.018787
-0.433269
-0.013225
-0.184317
-0.125607
-0.586000
0.077746
-0.160977
0.045715
0.458639
-0.058795
0.078863
-0.036434
0.096505
0.527000
-0.134828
0.184501
0.222359
-0.376459
-0.224676
-0.039838
0.521490
-0.297189
-0.761000
0.160052
-0.150195
-0.254966
-0.063047
0.104923
-0.051375
-0.419406
0.293739
0.526000
0.058081
0.341333
-0.095872
-0.050395
0.154779
0.253742
0.044930
-0.161212
-0.300000
-0.508585
-0.377478
-0.283327
-0.086189
0.014936
-0.223594
-0.281954
0.114429
-0.112000
0.342124
0.075461
0.313689
0.132934
0.068056
-0.079490
0.139197
0.078463
0.198000
0.078318
-0.018490
-0.350635
-0.180528
-0.208758
-0.046521
-0.178107
0.148318
-0.434000
-0.155199
0.131111
0.658787
0.280806
0.111230
0.274018
0.159781
-0.536270
-0.309000
0.110231
-0.185733
-0.284074
-0.126947
0.065855
-0.120834
-0.018560
0.408891
0.851000
-0.118121
0.249361
0.134729
-0.069137
0.159289
0.093849
0.351909
-0.354015
0.971000
0.009105
-0.329903
-0.256702
0.222245
-0.450690
0.104543
-0.215229
0.580450
-0.809000
0.043982
0.127978
0.174883
-0.052934
0.135590
-0.283760
0.014950
-0.300699
-0.560000
-0.025700
-0.041796
-0.334154
-0.222227
0.021051
-0.043344
-0.080033
0.028879
-0.960000
0.035059
-0.227489
-0.006110
0.241520
0.025806
-0.009728
0.034850
0.260262
0.082000
-0.046710
0.194390
0.258652
-0.091856
0.099847
0.271007
-0.116942
-0.340447
-0.580000
0.308662
0.171598
0.162608
0.199016
-0.182501
0.072173
-0.124837
0.076327
-0.010000
-0.453296
0.185320
0.407849
-0.014488
0.081360
-0.103985
-0.186964
-0.186486
0.940000
0.114080
-0.349471
-0.359316
-0.051606
-0.092411
-0.289546
0.404722
0.180532
-0.316000
0.339174
-0.084937
-0.383859
-0.590600
0.584427
-0.305398
0.170417
0.253780
-0.371000
-0.272001
-0.353333
0.186668
0.360822
-0.460774
0.012708
0.142830
-0.251400
0.432000
-0.124099
0.513352
0.050893
0.250273
0.102815
0.255836
-0.384551
-0.094202
-0.498000
-0.386795
-0.219236
-0.029833
0.359139
0.105247
0.104470
-0.085980
-0.093449
0.804000
0.456413
0.229023
0.383714
-0.222801
-0.342396
-0.147554
0.054167
-0.083440
-0.038000
-0.099728
-0.000886
-0.051506
-0.104301
-0.031283
0.208619
-0.011587
0.058224
-0.643000
-0.080123
0.656560
-0.019262
-0.258704
0.026628
0.048218
-0.219657
-0.231515
-0.229000
-0.052119
-0.158037
0.150065
0.376498
0.493906
-0.489866
0.273624
0.233770
0.695000
0.256718
-0.408604
-0.347858
-0.189737
-0.102189
0.248584
-0.172269
-0.056687
0.040000
0.286877
-0.369682
-0.140067
0.260252
-0.111922
0.348154
-0.123148
0.226499
-0.928000
-0.067532
-0.210513
0.275672
-0.442082
0.194052
0.022562
-0.087536
-0.627246
-0.314000
-0.114710
0.461005
-0.120834
0.107471
-0.261117
-0.223333
0.240607
0.468860
0.055000
-0.470977
0.258790
0.126885
0.209259
0.121724
-0.196632
0.369280
-0.369936
-0.348000
0.581658
-0.171340
-0.184295
-0.446926
0.006117
-0.001433
-0.214854
0.527803
-0.727000
-0.085665
-0.077782
0.120085
0.209827
0.218656
-0.005119
-0.243679
-0.250931
0.020000
0.228189
-0.369922
0.132741
-0.402681
-0.582500
0.283793
0.084024
0.174304
0.277000
-0.348493
0.405566
-0.146001
0.582847
0.481231
-0.050079
0.008400
-0.314851
-0.766000
0.181329
-0.095002
-0.017819
-0.241799
0.058836
-0.061784
0.046035
0.076141
0.274000
-0.158369
-0.002406
0.083356
0.140321
0.330962
-0.111914
-0.315213
-0.098511
0.114000
0.029623
0.264328
-0.277390
-0.119515
-0.624378
0.224092
0.379335
0.294017
-0.264000
-0.019018
-0.193924
0.375854
0.016649
0.062382
-0.037484
0.030232
-0.312227
-0.167000
-0.082604
-0.057873
0.115299
0.183225
0.372334
-0.205394
0.220333
-0.203601
-0.005000
0.194899
0.113427
-0.131093
-0.311332
-0.342801
0.000091
-0.083520
0.103809
-0.914000
-0.024429
-0.244822
-0.019998
0.095120
-0.006018
0.094523
-0.179432
0.362951
0.283000
-0.363121
0.459424
0.061590
0.036467
-0.453500
0.590515
0.048051
-0.042028
0.327000
0.354969
-0.542841
-0.163978
0.234717
0.417345
-0.618040
-0.094569
0.142422
-0.700000
0.012835
0.428832
-0.040836
-0.176697
-0.010875
0.120088
0.027810
-0.275341
0.484000
0.165513
-0.309212
-0.221058
0.164834
0.067712
-0.007738
0.129414
0.178447
-0.304000
0.062177
0.391420
0.294870
-0.401360
-0.217651
0.083060
-0.207891
-0.464691
0.614000
-0.228885
-0.236923
-0.139301
0.135719
0.172486
-0.070445
0.007630
0.546625
0.638000
0.158162
-0.017417
0.252690
0.074758
-0.488332
-0.323963
-0.291727
0.029164
0.222000
-0.207812
0.111255
-0.432924
-0.058898
0.901410
0.181625
0.042755
0.500074
0.251000
-0.151917
0.102212
0.168094
0.034276
-0.186009
0.146203
0.217009
-0.714721
0.801000
-0.251226
-0.438461
-0.218520
-0.163223
0.470507
0.168115
0.043521
-0.026021
0.076000
0.408283
0.417223
0.590618
0.227330
-0.516448
0.050575
0.018864
-0.542736
-0.398000
-0.028534
-0.051764
-0.332949
-0.075980
-0.132440
-0.283693
-0.042924
0.712238
0.439000
0.028904
0.079946
-0.152445
-0.119308
0.301061
0.080587
0.115508
0.090961
0.339000
0.130665
-0.560892
0.375111
0.147611
0.013356
-0.501969
-0.094573
0.024716
-0.045000
-0.162117
0.549792
-0.134287
-0.009205
-0.312875
0.431714
-0.059402
-0.152203
-0.759000
0.131458
-0.074027
-0.155953
-0.295730
-0.034792
0.076683
-0.257703
0.037208
0.212000
-0.094135
0.537430
-0.149225
0.464894
-0.053976
-0.309257
0.297315
-0.025705
0.398000
0.024286
-0.271071
0.120051
-0.239760
0.181673
0.183844
-0.243980
0.067737
0.464000
-0.427439
0.102790
0.299510
-0.094447
0.291623
0.262312
0.075892
0.067370
0.896000
0.332281
0.024871
-0.018566
-0.154241
-0.474591
-0.012964
-0.144016
-0.187309
-0.952000
0.134147
-0.269983
-0.106692
0.315746
0.098739
-0.431267
0.207066
0.227852
-0.838000
-0.102212
-0.044310
-0.199683
0.087986
-0.142661
-0.257358
0.243569
-0.141676
-0.631000
0.192552
-0.181007
-0.095349
-0.251593
-0.048965
0.445543
0.172378
0.131907
-0.409000
-0.089368
0.371598
0.198785
0.132205
0.089525
0.026888
-0.494422
0.013395
0.228000
-0.211551
0.219414
0.233321
0.314406
-0.375411
0.272237
-0.266850
-0.006201
-0.386000
0.298698
0.225539
-0.073397
-0.305874
0.342104
-0.081017
-0.150226
0.302541
0.257000
0.004448
-0.547809
-0.138996
-0.035914
-0.018688
-0.349385
0.508450
-0.166092
-0.242000
-0.094453
0.029673
-0.252813
0.317180
0.048720
0.184437
-0.067937
-0.104705
0.082000
0.371360
-0.153914
0.043725
-0.525204
0.034747
-0.331510
0.165631
0.048768
-0.541000
-0.251307
0.102259
-0.128035
0.138461
0.121750
0.265487
-0.101771
0.143760
0.433000
0.134099
-0.105540
0.027599
-0.353763
0.032238
-0.222436
0.159402
0.103473
-0.997000
-0.087227
-0.090319
-0.015546
0.296269
-0.063736
0.435808
-0.202132
-0.345304
0.643000
-0.191753
0.327699
0.303544
0.107780
-0.144577
-0.319130
0.189023
0.055861
-0.218000
-0.147406
-0.081620
0.218406
0.047313
0.005224
-0.069959
0.069590
0.081126
-0.856000
-0.238149
0.603865
-0.464224
0.158516
0.245255
-0.536690
0.337734
0.005018
0.772000
0.374608
-0.514192
0.151993
-0.171189
-0.251331
0.538403
-0.458910
0.067918
-0.570000
0.351149
-0.071676
0.008663
0.113142
0.012773
0.030479
-0.298298
-0.054343
-0.669000
-0.193624
-0.217817
0.345403
-0.141678
-0.341377
0.389613
0.113653
0.094348
-0.470000
-0.084258
0.286701
-0.246617
0.059994
0.070639
-0.264441
0.177230
-0.147342
0.992000
-0.179703
0.125124
-0.015077
0.171601
0.449492
-0.364809
0.024400
-0.269954
-0.945000
0.116505
-0.154138
0.067431
-0.133959
-0.551838
-0.004554
0.098881
0.104356
-0.747000
0.084450
0.183574
-0.161385
0.024569
0.159347
0.180857
-0.152625
0.196353
0.898000
0.430598
0.091069
-0.161165
-0.030056
-0.392374
0.414109
0.019734
0.109486
-0.517000
-0.392582
-0.175014
0.533779
0.076540
0.316200
-0.275090
-0.248245
0.068455
0.149000
0.108291
-0.155889
-0.446692
-0.041844
0.070356
0.061604
0.139630
-0.148501
-0.542000
0.245550
-0.073046
-0.002561
-0.385612
0.002672
-0.378507
0.034094
-0.049419
-0.947000
-0.252761
-0.027242
-0.014827
0.490407
-0.105671
0.576251
0.148672
-0.192094
0.945000
-0.206335
0.286144
0.208248
-0.112318
0.226556
-0.192846
-0.168308
-0.031321
-0.238000
0.199232
0.013496
-0.182540
0.455009
0.154026
-0.650310
-0.006824
0.348123
-0.586000
-0.323965
-0.232238
0.195639
-0.567188
0.054824
0.340236
0.177629
-0.112782
0.012000
0.194123
-0.074867
0.031315
-0.026699
-0.026747
0.194207
-0.187063
-0.015280
-0.440000
-0.185748
0.120209
0.222887
-0.073798
-0.113952
0.181612
-0.290017
-0.231885
-0.484000
0.265198
0.138796
-0.246176
0.081017
0.054109
0.535029
0.059144
-0.027888
0.047000
-0.038447
-0.260043
0.137355
0.141465
-0.034521
-0.653364
0.247661
0.103071
-0.719000
-0.192771
-0.158925
-0.148027
0.283855
0.123716
0.422650
0.255360
0.112082
0.316000
0.106802
-0.248775
0.352063
-0.309054
-0.269311
-0.738741
-0.228713
0.123823
-0.841000
0.220107
0.312200
-0.192823
-0.066017
0.070570
0.378275
0.018946
-0.244400
-0.689000
-0.105682
0.422809
0.005800
-0.033309
-0.077874
-0.138483
0.046415
0.110738
-0.661000
0.085517
-0.550998
-0.140761
0.041111
0.237554
0.176647
-0.129736
-0.155677
0.768000
0.069948
-0.019494
-0.002885
0.013035
-0.097976
0.002834
0.101955
0.123262
-0.714000
-0.450943
0.068210
-0.026089
-0.234968
0.121351
-0.043138
0.078736
0.030867
0.360000
-0.012515
0.237002
0.047937
0.429791
-0.198313
0.489125
-0.421645
0.004163
0.734000
0.324239
-0.340490
-0.008197
-0.125618
0.203979
-0.478137
0.475499
-0.197002
0.899000
-0.084669
-0.164106
0.236246
0.182989
0.250437
0.351833
0.063334
-0.080964
0.881000
0.282715
-0.180892
0.035944
-0.615760
-0.412061
-0.198493
0.021791
-0.037606
0.352000
-0.175869
0.217426
-0.240311
0.333390
0.023522
-0.094474
0.028034
0.290439
-0.087000
0.288231
-0.045195
-0.297277
0.202099
-0.312655
-0.304479
0.245130
-0.375174
0.789000
-0.316690
-0.082680
0.182736
0.212316
0.592796
-0.034714
-0.252627
0.499664
0.192000
-0.017801
0.290661
0.141905
-0.356411
-0.269802
0.378895
-0.123164
-0.305455
-0.896000
0.077066
-0.134453
0.158194
-0.094634
0.369001
-0.038213
-0.179894
0.117928
0.993000
0.171520
0.407276
0.069746
-0.309669
-0.130614
-0.021787
-0.222746
-0.356343
-0.292000
-0.165991
-0.321502
-0.270267
0.301614
0.045808
-0.013632
0.398093
0.083524
0.631000
0.188560
-0.110787
-0.021636
0.098368
-0.204540
-0.000967
0.014272
0.070989
0.114000
-0.095361
-0.137222
-0.377178
0.366286
0.229068
-0.238053
0.138561
-0.119156
0.772000
-0.150354
0.216366
0.327856
-0.398658
-0.035104
0.237297
-0.106842
0.078497
-0.843000
-0.143160
0.078080
0.106611
-0.287385
0.052110
0.124071
-0.015520
-0.038672
-0.609000
-0.140495
-0.253631
0.102021
0.241525
-0.161172
0.320841
0.404942
-0.042302
-0.844000
0.199231
0.187320
0.060620
0.058660
-0.029941
-0.307681
-0.379127
-0.189722
0.255000
0.006735
0.034884
-0.058380
0.197619
-0.004759
0.041037
0.067756
-0.105811
0.439000
-0.484679
0.167371
0.318452
-0.120196
-0.120394
-0.227237
0.055980
0.389032
-0.484000
0.545691
-0.378080
-0.599540
-0.052527
0.170541
0.315677
-0.129755
-0.041493
0.492000
0.012825
0.204418
-0.355961
-0.093540
-0.218844
0.195143
-0.124370
-0.040817
-0.030000
0.510301
-0.456529
0.449093
-0.109247
-0.018339
-0.063802
-0.061512
-0.220016
0.768000
-0.454517
0.293382
-0.025588
0.177686
0.226606
-0.255491
0.165781
0.318263
0.643000
-0.155224
0.230571
-0.002112
0.024155
0.143290
0.125618
0.140214
-0.141703
-0.121000
0.021155
-0.166419
0.227177
0.076709
-0.023981
-0.625569
0.016361
0.178259
0.078000
0.261987
-0.173988
-0.313008
-0.183698
0.066069
0.492415
-0.077335
-0.035791
-0.716000
0.379240
-0.196133
0.003819
0.233295
-0.256150
-0.264777
-0.136861
0.399850
-0.679000
-0.537310
0.392913
0.132398
-0.383209
0.355697
0.289778
-0.047969
-0.234353
0.687000
0.029807
-0.159391
-0.006773
0.209022
-0.304616
-0.063475
-0.001123
0.009354
-0.169000
0.051031
0.105200
0.089161
-0.134067
-0.017523
-0.273069
0.195858
-0.023542
-0.523000
-0.048673
-0.247977
-0.517956
-0.240107
0.402940
0.153751
0.164951
0.198250
0.707000
0.095971
0.199545
0.494356
0.295188
-0.314552
0.085785
-0.233022
-0.408210
0.037000
-0.064764
-0.476520
0.230692
0.247938
0.262013
0.166399
-0.247993
-0.228280
-0.378000
0.439828
0.656127
-0.073461
-0.080390
0.048511
-0.298383
-0.208801
-0.098742
-0.661000
-0.327227
-0.238834
-0.178549
-0.123729
-0.255422
-0.009887
0.277797
0.560613
-0.746000
-0.296646
0.052258
-0.158290
-0.263732
0.431749
0.543467
0.119854
-0.313973
0.042000
0.089627
0.471037
0.211117
0.245186
-0.679219
-0.423794
-0.180451
0.048439
0.916000
0.139888
-0.427817
-0.047973
-0.020020
0.177426
0.035016
0.199547
0.135988
0.068000
0.264738
0.111658
0.007556
-0.055652
-0.620274
-0.357874
0.359401
0.122109
0.947000
-0.193489
-0.231464
0.302145
0.276735
0.394043
-0.089176
-0.305230
0.257168
-0.448000
-0.109343
0.239991
-0.414110
-0.175415
0.095130
0.295127
-0.090044
-0.115673
0.090000
-0.081736
0.406424
-0.375688
-0.003117
0.072142
-0.209732
-0.166681
0.224075
0.351000
0.306517
-0.312934
-0.060735
-0.178490
0.015458
0.319939
0.301975
-0.497925
0.938000
-0.276445
-0.143339
0.379088
0.118292
0.061371
0.067818
-0.092447
0.115852
-0.526000
-0.174351
-0.253612
0.460416
0.167657
0.110405
-0.188591
-0.182340
-0.113936
0.445000
0.216146
0.310253
-0.523056
-0.206405
-0.110878
0.388289
0.178037
0.207631
0.790000
-0.028144
0.014311
0.143159
0.134654
-0.164760
-0.388920
-0.075662
0.077190
-0.832000
0.396057
0.179361
-0.206169
-0.326348
-0.481106
-0.324164
0.178096
0.323043
0.602000
-0.353368
0.080078
0.647347
0.208851
0.441246
0.321161
-0.252576
-0.322677
-0.849000
-0.028608
-0.164479
-0.460954
0.140364
-0.074942
0.134108
-0.102679
0.093705
0.053000
-0.243697
0.308255
0.013757
0.172623
0.245553
-0.355946
0.082738
-0.428461
0.076000
0.274757
-0.542126
-0.203157
0.296121
-0.131033
0.223476
-0.460936
0.439544
0.992000
-0.065147
0.206354
0.094639
-0.470605
-0.005281
-0.011743
0.514264
0.066829
-0.548000
-0.055879
-0.087421
-0.033402
0.061837
0.009279
0.226413
-0.521682
0.520806
-0.756000
0.180807
0.274415
0.302186
-0.335357
0.059122
-0.308053
0.522633
-0.620052
-0.331000
-0.109603
-0.156087
-0.313772
0.154771
-0.151174
0.149909
0.006620
0.204675
-0.929000
0.233136
-0.031045
-0.165700
0.217755
-0.210911
-0.252270
0.569586
-0.313237
0.069000
-0.284294
-0.232696
-0.000338
-0.308714
-0.317383
0.534816
-0.026642
0.540941
0.116000
-0.129170
0.261697
0.163799
0.225022
0.546519
-0.521487
-0.519274
0.002013
-0.865000
-0.475744
0.167212
0.300843
-0.085754
0.287403
0.078075
-0.062202
-0.065020
0.561000
0.228282
-0.025945
0.132130
-0.079712
-0.170486
-0.115045
0.072745
-0.249142
-0.086000
0.436476
-0.036165
-0.203844
0.065114
-0.285829
0.254552
-0.151294
0.148010
0.375000
0.124138
-0.046211
-0.168284
0.243747
-0.277283
-0.010147
0.076683
-0.144415
-0.501000
-0.171000
0.151004
-0.249900
-0.139705
0.428385
0.100574
-0.161033
0.358625
0.333000
0.110897
-0.060970
0.207361
-0.075127
-0.005862
-0.227240
0.044410
-0.119902
-0.937000
0.207737
-0.028736
-0.125585
-0.081085
0.198876
0.167289
-0.166057
0.124306
-0.081000
0.273299
-0.080520
0.248376
0.027903
-0.204315
-0.733307
-0.080823
-0.652617
-0.042000
-0.539723
0.348162
0.030584
-0.026718
-0.206616
0.682806
0.171439
0.406233
0.070000
0.237905
-0.389726
-0.033574
0.037851
0.035504
-0.016677
0.092431
-0.111886
0.578000
-0.312338
0.400561
0.144618
-0.061910
0.205462
0.269810
0.232954
0.273985
-0.459000
0.121551
-0.106448
-0.147605
0.064037
-0.074080
-0.471285
-0.255717
-0.204702
-0.292000
-0.385349
0.463705
0.363671
-0.318906
-0.290440
0.034374
-0.172896
-0.007743
0.629000
0.348319
-0.350594
-0.720999
0.547706
0.041646
-0.044431
-0.237697
0.410448
0.630000
-0.015292
-0.137331
0.476570
-0.162131
0.215970
0.114070
0.283767
-0.480255
0.673000
-0.137645
-0.453038
-0.416832
0.557323
0.468328
0.041785
0.235624
-0.205404
-0.384000
-0.063808
0.210652
0.355089
-0.702379
-0.029778
0.147358
0.131786
-0.077053
-0.365000
0.183746
0.253810
-0.082777
0.049540
-0.196678
-0.129324
-0.289869
0.221629
0.026000
-0.443319
0.162367
0.268544
-0.139917
-0.115127
0.091642
-0.259349
-0.081948
-0.810000
0.596651
0.093559
0.008266
0.530616
-0.265841
-0.307873
0.243210
0.104975
0.296000
-0.146255
-0.099625
-0.318742
-0.297424
0.411582
0.003793
-0.133335
0.059849
0.054000
0.120302
0.369825
-0.116402
-0.152780
-0.044449
-0.108511
0.432669
-0.107419
-0.418000
-0.371289
-0.463230
-0.014680
-0.090118
0.186596
0.487714
-0.402471
0.247337
-0.108000
0.328234
0.146075
0.085606
0.154036
-0.299897
-0.159960
-0.001382
-0.265545
0.971000
0.288117
-0.152399
-0.196097
-0.183783
-0.164413
0.015485
-0.121256
0.335808
0.484000
0.076629
-0.011730
0.165580
0.330192
-0.335452
0.000141
-0.062225
0.009909
-0.556000
-0.328865
0.028992
0.139326
-0.025457
0.483241
-0.032066
0.104771
-0.345678
-0.127000
-0.273388
-0.037415
0.315334
0.021962
0.324188
0.209974
-0.357092
-0.095425
0.889000
-0.298479
0.049490
-0.244830
-0.104940
-0.209384
-0.036759
0.201975
-0.216939
-0.380000
0.362631
0.178170
-0.137411
-0.077610
-0.060384
-0.094326
0.169010
0.323299
-0.689000
0.069395
-0.282863
0.198685
-0.084148
0.375849
-0.010689
0.209677
-0.103490
0.204000
-0.122441
0.071902
0.158613
0.273136
-0.227804
0.073432
-0.104804
0.139823
-0.539000
0.129483
-0.011457
-0.245185
-0.167047
0.036383
-0.342462
-0.139650
0.113428
0.214000
0.409532
-0.032304
-0.503024
0.225070
-0.575454
-0.253663
0.588092
0.186386
-0.620000
-0.146544
0.162349
0.582256
-0.425792
0.308098
0.103693
-0.625399
-0.240871
-0.652000
-0.209374
-0.111760
-0.151107
0.182117
0.085155
0.433493
0.082182
-0.054841
0.131000
0.092134
-0.229453
-0.433685
0.348107
0.156616
-0.276443
0.315234
0.256699
-0.333000
-0.239700
0.104840
0.417352
-0.240962
-0.428528
0.183329
-0.191226
-0.259332
0.770000
0.056113
0.082986
-0.065366
-0.096319
0.384144
-0.117016
0.078650
-0.002045
-0.748000
0.022063
-0.084759
0.106533
-0.380927
0.126935
0.419511
0.008981
-0.335042
-0.139000
0.150624
-0.234234
-0.045254
0.156369
0.082084
-0.107127
0.298434
0.468378
0.866000
0.084860
0.372179
0.057626
0.225104
-0.388132
-0.135708
-0.576940
-0.249990
-0.806000
-0.071423
0.231159
-0.434424
-0.124512
-0.097813
0.252741
0.218798
0.131059
-0.462000
-0.406532
0.079600
0.296056
0.395765
0.205386
-0.404770
-0.404674
-0.577231
-0.700000
0.075476
-0.192756
0.121598
-0.184924
-0.018102
0.339957
0.297462
0.340863
-0.376000
-0.312634
0.118805
0.188592
0.033317
0.488195
-0.323706
0.019510
-0.195855
0.664000
0.538751
-0.343525
0.063979
-0.108271
-0.473883
0.284062
0.098661
0.445848
0.204000
0.145496
-0.077372
-0.144148
0.033262
-0.159340
0.143986
-0.122636
-0.383825
-0.011000
0.208241
-0.067160
-0.240505
-0.194625
0.080281
0.236897
-0.374999
0.258669
0.106000
0.102848
0.145449
-0.339908
0.212180
0.217077
-0.339920
0.105270
-0.423759
-0.254000
-0.647215
0.135926
0.108769
0.001578
0.228922
-0.211742
0.491194
0.222017
-0.677000
0.118655
0.266017
0.397702
-0.077155
-0.129921
-0.327179
0.070037
-0.085470
0.389000
-0.101032
0.222309
0.117208
0.100285
-0.417468
-0.006606
-0.146277
0.219668
-0.146000
0.124983
-0.489080
-0.170334
-0.081227
0.217119
0.443170
-0.084201
-0.140271
0.127000
-0.231184
-0.260380
-0.101825
0.223971
-0.016395
0.072834
-0.149891
-0.138834
0.332000
-0.164710
0.065847
0.275241
-0.224419
0.009025
0.134759
0.173090
0.527897
0.408000
0.316732
0.109046
-0.401161
0.100912
0.225373
-0.342446
-0.039370
-0.169097
0.754000
0.168313
0.363327
-0.155572
-0.302385
-0.089145
0.101585
0.207599
0.056505
0.801000
0.154852
-0.223818
0.190819
0.257473
-0.028124
-0.111297
-0.070253
-0.264053
0.434000
-0.198823
-0.160209
0.119554
0.060249
-0.135317
0.197744
-0.088695
0.049363
-0.600000
-0.467118
-0.609911
0.018623
0.669955
0.332553
-0.067859
0.445178
-0.118097
-0.391000
0.137481
0.223640
0.016403
-0.402791
-0.060761
-0.253696
-0.247796
-0.160954
-0.901000
0.315885
0.422999
-0.048768
-0.399737
-0.040059
0.175375
-0.246276
0.404322
0.958000
0.460896
0.645460
0.268856
-0.298300
-0.559658
0.165402
-0.768126
0.456877
-0.667000
-0.352439
0.019116
-0.182145
-0.132204
0.122707
-0.066778
0.546890
-0.333202
-0.614000
-0.013476
-0.403414
-0.219264
0.530870
0.048920
-0.086533
0.266213
-0.167668
-0.106000
0.136762
-0.373936
-0.320482
-0.016376
0.186705
0.094067
0.492918
0.112132
0.181000
-0.118430
-0.058277
0.216414
0.001594
0.026081
-0.306792
-0.686903
0.032518
-0.881000
-0.201378
0.271440
0.278531
-0.063720
-0.169875
0.415901
0.290839
-0.224731
0.305000
0.180842
0.004753
0.359530
-0.312546
-0.284744
-0.237514
-0.012593
0.053820
-0.564000
0.154205
-0.136474
-0.243221
0.464876
0.282699
0.300196
0.332846
-0.010386
0.228000
-0.259993
-0.124571
-0.190570
-0.112962
-0.015833
-0.131280
-0.210666
0.161943
0.761000
-0.336964
-0.215700
-0.247135
0.474585
-0.085476
-0.151889
0.167979
-0.235447
-0.188000
-0.012810
0.207887
0.039788
-0.424282
0.610033
-0.159192
-0.369469
-0.056836
-0.829000
0.506706
0.272432
0.056683
-0.166934
-0.468395
0.248757
-0.005963
0.268691
-0.465000
0.254638
0.296865
0.320559
-0.012878
0.287782
0.024677
-0.129469
-0.025711
0.350000
-0.094578
0.070684
-0.274028
-0.485969
-0.436292
0.282460
0.679822
0.345654
-0.587000
-0.113275
-0.497000
0.033452
0.557463
0.208203
-0.527696
-0.475559
-0.191807
-0.518000
-0.044129
0.343187
-0.211792
-0.180354
-0.435734
-0.005482
-0.270933
-0.279829
0.745000
-0.038714
-0.202863
-0.300805
0.256476
0.024017
0.042045
-0.036951
-0.037532
0.805000
0.131510
0.013237
0.536654
-0.134648
0.136987
0.289673
0.195867
0.144922
-0.890000
-0.167176
-0.158762
0.129936
0.109148
0.092250
0.250091
0.045298
-0.142527
-0.050000
-0.033477
0.108491
0.463569
0.291544
0.123947
0.066883
-0.125653
0.046947
0.543000
-0.008015
-0.032525
-0.478265
-0.320299
-0.129307
-0.335514
0.190589
0.052954
0.620000
-0.301714
0.122932
-0.057733
-0.235152
0.023567
0.388217
-0.273887
-0.154114
0.431000
0.252356
0.117292
0.484449
0.279455
0.288805
-0.459491
-0.249083
0.323840
0.106000
0.071697
-0.385995
-0.333685
-0.017110
-0.261619
0.401373
0.300455
-0.312349
-0.975000
0.397371
-0.015359
-0.003471
0.361971
0.093838
-0.761039
0.248392
0.171524
0.529000
-0.165338
-0.167536
-0.370927
-0.427550
-0.090336
0.354375
-0.043481
-0.343969
-0.706000
-0.453818
0.488652
0.328034
0.045526
-0.073079
0.019346
0.097140
0.389080
-0.013000
-0.015750
-0.289965
0.458984
-0.268759
-0.161252
0.286435
-0.026304
0.171981
-0.899000
0.061970
0.224411
-0.019226
0.379422
-0.036885
-0.025611
0.129343
-0.176489
-0.390000
0.295013
-0.239561
-0.404034
-0.176791
0.260292
-0.459538
-0.234575
0.137182
-0.045000
-0.121369
0.222884
-0.293289
0.057841
-0.113407
-0.000770
0.136134
-0.470948
-0.528000
0.141321
0.092564
0.160410
-0.340832
0.167790
-0.030398
-0.207227
0.201271
0.569000
-0.191765
-0.193360
0.228137
0.368099
-0.090955
0.044671
0.018496
0.289628
-0.531000
0.169709
-0.233274
0.178927
0.380114
-0.382898
0.012915
-0.073528
-0.017538
-0.716000
-0.441913
0.326454
0.586142
-0.098152
-0.096392
0.308378
0.212034
-0.198994
0.733000
0.425392
-0.142775
-0.564080
-0.255259
0.217704
-0.125412
-0.156619
0.110795
-0.443000
-0.188904
-0.085146
-0.378985
-0.296208
-0.139769
0.183866
0.246144
0.415747
0.790000
0.429341
-0.467666
-0.085724
0.128227
0.596869
-0.269647
-0.507502
-0.278075
0.340000
-0.233261
0.511890
0.229028
0.148619
-0.186194
-0.058562
0.355502
-0.116021
0.258000
0.184578
0.350015
0.178361
-0.105351
0.212982
0.295484
0.071632
-0.457814
-0.989000
-0.213052
-0.193428
-0.215363
0.367742
-0.197171
-0.274748
0.142066
0.673417
0.136000
-0.129289
-0.129663
0.209793
-0.304334
-0.192807
0.073271
-0.291475
-0.188396
-0.238000
-0.384045
-0.139573
-0.072867
0.304657
-0.032840
0.022612
0.180873
-0.127100
0.541000
-0.114329
0.044000
-0.359323
-0.329218
0.055743
-0.284959
-0.221257
0.191814
-0.091000
0.700539
0.073165
0.186774
0.015332
0.099924
0.333324
0.044288
-0.220188
0.787000
0.530551
-0.029138
0.155047
-0.443172
-0.345879
0.157385
-0.430199
0.352381
0.458000
0.303476
0.073814
-0.097515
0.311963
-0.101637
0.100005
0.358173
-0.087966
-0.132000
-1.009073
-0.072776
0.104748
0.166181
0.272285
-0.339659
0.241726
-0.218935
-0.880000
-0.379286
-0.278611
-0.238016
-0.029476
0.401164
-0.112074
0.201612
-0.124231
-0.003000
0.206287
-0.069964
0.383014
0.016816
0.204678
-0.085885
-0.013516
-0.069572
0.584000
0.193711
0.184825
-0.224266
-0.106971
-0.347359
0.445961
-0.315700
0.184124
0.351000
-0.069751
0.004972
0.174519
0.287281
0.084239
0.179638
0.077399
-0.344012
0.611000
-0.127025
0.443767
-0.466306
-0.187245
-0.228374
0.077395
-0.289767
-0.193459
-0.035000
0.296653
-0.298113
0.348500
-0.051259
0.214597
-0.569051
0.196955
0.460322
-0.701000
-0.235703
-0.058101
-0.184489
0.151264
0.114272
-0.163670
-0.375798
0.098389
-0.416000
0.009284
-0.134849
0.662003
-0.316569
0.002970
0.369302
0.209948
0.278786
-0.355000
0.098536
0.204354
-0.490020
0.149738
-0.210218
0.061399
0.081282
-0.258854
-0.346000
0.408216
0.640954
-0.110255
-0.470440
-0.092797
0.161275
0.193068
-0.109625
-0.690000
-0.528849
-0.357567
0.282007
0.568225
-0.186561
-0.110093
-0.034660
-0.164505
0.589000
0.126830
-0.252336
-0.180785
-0.075221
0.258310
-0.246729
0.063441
0.202949
0.955000
-0.102710
-0.348445
-0.082998
0.099870
0.047893
-0.577396
0.273649
0.046425
0.976000
0.443839
-0.072449
-0.047782
0.203060
-0.127102
0.266891
-0.485931
0.077206
0.666000
-0.462695
0.370347
0.086354
-0.272246
0.005903
0.571361
0.164248
-0.079157
-0.042000
0.250578
-0.043671
0.142155
-0.200598
0.580999
0.010086
-0.096649
-0.116968
-0.753000
-0.213394
-0.056613
-0.078367
0.416728
-0.009764
0.235138
-0.041354
0.160704
0.011000
0.022721
0.088573
-0.028092
-0.081100
-0.639699
-0.358249
0.089111
-0.012824
0.072000
0.206574
-0.191453
0.040024
0.186677
-0.548595
0.127222
-0.133050
0.521303
-0.958000
-0.200396
0.294074
-0.066563
-0.587266
-0.085727
-0.514983
0.459797
-0.387660
-0.692000
0.031089
0.031342
-0.119236
0.238821
0.850007
0.323946
-0.325535
-0.176301