2
768;8
0.362000
0.015068
0.138311
0.019954
0.106772
0.165340
0.257271
0.095427
0.185647
0.183000
0.017718
0.148899
0.077272
-0.129023
0.411759
0.075521
-0.106326
0.331818
-0.936000
0.344372
-0.503502
-0.122511
-0.005233
-1.049661
-0.210970
0.357070
-0.127010
0.288000
-0.408450
0.243606
-0.015615
0.001367
0.394395
0.286526
-0.259167
0.236454
-0.779000
0.156784
-0.240058
0.434950
0.196311
0.123014
0.058589
-0.055715
-0.537590
0.916000
-0.309358
0.175429
-0.867215
-0.320989
-0.029229
0.102202
-0.215326
0.503496
0.057000
0.212925
-0.300843
0.466400
0.185621
0.467515
-0.295333
0.213352
-0.196395
-0.534000
-0.212024
0.329766
-0.536238
0.045139
0.191022
-0.037515
0.040968
0.031775
0.648000
0.047501
-0.175025
0.436903
0.141287
0.397998
0.481997
0.107587
-0.082750
-0.026000
0.042556
0.052545
0.089333
-0.243187
-0.758403
-0.180482
-0.091788
-0.018258
-0.318000
0.081251
-0.096845
0.371508
-0.247250
-0.106364
-0.474104
-0.269093
0.187486
0.522000
-0.302221
-0.141489
-0.251689
-0.331588
-0.144408
0.621677
0.714229
-0.135821
-0.841000
0.328037
0.179905
-0.062708
0.566538
0.352946
-0.430134
-0.532980
0.108531
0.519000
-0.024292
0.143373
0.254883
0.104855
-0.260831
-0.106036
0.154335
0.027498
-0.383000
0.103694
-0.066909
-0.314171
-0.007278
0.511228
0.120509
-0.232340
-0.085350
0.667000
-0.282199
-0.099369
-0.124892
-0.268967
-0.024399
0.192396
0.164906
0.084320
0.711000
-0.112842
0.197435
-0.298113
-0.060347
0.230259
0.350427
-0.164099
-0.138650
0.377000
-0.069936
-0.421178
0.446115
0.304017
0.266539
-0.980220
-0.170512
0.056342
0.359000
0.427453
0.146174
0.170193
0.055839
-0.529207
0.058582
0.222132
0.156422
-0.721000
0.052695
-0.135209
0.169186
-0.197441
-0.524669
-0.138309
0.532944
-0.090815
-0.369000
-0.257340
0.343956
-0.226674
0.199152
0.478445
0.782969
-0.759424
0.225391
-1.000000
-0.060165
0.214449
-0.083537
-0.169317
0.075691
-0.562256
0.136850
-0.267760
0.201000
-0.201698
0.608908
-0.143385
0.081802
0.456236
-0.109421
-0.024522
0.091847
-0.064000
-0.002197
-0.573968
0.194761
-0.199471
-0.452743
-0.055713
-0.068095
-0.103191
-0.732000
0.554164
-0.468268
-0.051847
0.060854
0.087505
0.192549
0.161848
0.202809
0.605000
-0.338020
-0.370786
-0.310055
-0.186759
0.023859
0.027803
0.073828
-0.265769
-0.156000
0.787711
0.569228
0.685441
0.109342
-0.045947
-0.144436
0.104974
0.164177
0.398000
-0.594368
-0.133469
-0.244756
0.169315
-0.088656
0.251620
-0.105606
-0.204727
-0.838000
0.304316
0.246655
0.204990
0.527407
0.289824
-0.237943
-0.150209
-0.179238
0.403000
-0.376876
-0.428140
-0.216218
-0.557310
-0.454990
0.558619
-0.138497
0.135357
0.153000
0.091069
0.316087
-0.116916
0.156242
-0.061296
-0.228694
0.239405
0.139187
-0.257000
-0.484959
0.063838
-0.247335
-0.458055
0.125685
0.091673
-0.096278
0.271681
-0.784000
0.430963
-0.021074
0.254608
0.522340
-0.303260
0.019764
0.282539
-0.376055
-0.134000
0.025300
0.099530
0.039091
-0.192638
0.399545
-0.176144
-0.174667
-0.138443
0.987000
0.155511
0.032294
0.088294
0.400000
-0.809905
0.007576
0.039295
0.000738
0.449000
0.155267
-0.197961
-0.127702
-0.151226
0.548858
-0.067539
0.371895
0.274297
-0.551000
-0.189248
-0.005058
0.125042
-0.273482
-0.003063
0.192350
-0.640361
-0.033132
0.458000
0.001046
-0.253076
0.186867
-0.416371
0.141527
0.239222
0.179219
-0.081568
-0.672000
-0.104017
0.536076
-0.250458
0.111498
0.223319
-0.095633
-0.583747
-0.526538
-0.403000
0.001456
-0.141727
0.049756
0.200375
-0.167824
-0.095845
0.472827
0.462017
0.541000
0.319126
0.263748
-0.460659
0.218935
0.111096
0.033628
0.013074
-0.285281
0.721000
-0.621332
0.014047
0.347973
0.101232
-0.457733
-0.251784
0.596999
0.258335
-0.077000
0.421815
-0.303591
0.122776
-0.309780
0.130547
0.195667
-0.564930
0.070357
0.760000
-0.124802
-0.211635
0.388472
0.160261
0.547372
-0.150014
-0.374939
0.005417
-0.740000
0.246906
0.072461
0.055356
-0.528476
-0.709136
-0.173836
0.021266
0.324188
-0.767000
-0.206956
0.334085
-0.311001
0.331355
0.217246
0.250199
0.124397
-0.253471
-0.114000
-0.052306
0.182147
-0.272326
-0.287281
0.052919
0.238837
-0.132727
0.367433
0.002000
0.267506
0.218906
-0.084937
0.446208
-0.152156
0.061703
0.118734
-0.493100
0.219000
-0.197634
-0.424575
0.347790
-0.043674
-0.151983
-0.023603
0.099621
0.044802
-0.244000
0.248347
0.053498
0.034476
-0.191908
-0.142415
-0.156220
-0.355931
0.038863
-0.263000
-0.075457
-0.415935
-0.022339
0.611725
0.407619
-0.033192
0.777409
-0.161633
0.787000
-0.050996
0.279495
0.060639
-0.325635
0.024522
-0.093034
-0.409238
-0.057167
-0.936000
-0.218427
0.108595
-0.305430
0.354473
-0.096965
-0.333644
0.184166
-0.437505
-0.639000
-0.068638
0.259096
1.035994
-0.142950
-0.526156
0.735383
-0.181955
0.569942
-0.678000
0.148270
0.050964
-0.661893
0.010827
0.073410
-0.333241
0.012105
-0.217804
-0.760000
0.139658
-0.380977
0.338257
-0.401556
-0.067350
-0.144690
0.081825
-0.049599
0.056000
-0.210277
0.393201
-0.761293
0.406657
0.403890
0.324143
-0.760561
0.338885
0.122000
0.289694
-0.158644
0.321269
-0.031571
-0.349066
-0.048467
0.582870
-0.315726
-0.408000
0.570487
-0.150550
-0.310117
0.399438
-0.034063
0.080529
0.176080
0.107447
0.562000
-0.807267
0.448923
0.547481
-0.350438
-0.202618
-0.368443
-0.228433
-0.468278
-0.394000
0.153559
-0.184608
-0.315908
0.006933
0.091148
0.211015
0.143105
0.375528
0.620000
-0.083894
-0.064199
0.185096
0.248104
-0.049057
0.267244
-0.065278
0.240649
-0.307000
0.423646
0.159189
-0.561168
-0.095717
0.000395
-0.639779
0.202787
-0.567813
0.759000
-0.485644
0.116496
0.338522
-0.061176
-0.168700
0.582083
-0.144538
0.272403
-0.231000
0.382018
0.229865
0.178424
-0.120445
-0.166828
-0.154947
0.072229
-0.196045
-0.598000
-0.409594
-0.286598
-0.256156
-0.448292
-0.248584
0.528199
-0.063513
0.459249
0.570000
0.278727
-0.166330
0.090747
0.400553
0.382946
-0.329776
0.043174
-0.250708
-0.236000
-0.148036
-0.223002
-0.126768
-0.082048
-0.400039
0.410645
-0.016771
-0.078684
-0.274000
0.005150
0.398983
-0.073683
0.490634
0.854632
-0.525198
-0.014283
0.133555
-0.403000
-0.080554
-0.195134
0.217823
-0.167893
-0.312782
0.073224
0.079844
-0.113351
-0.425000
0.021325
-0.251924
-0.090182
0.478330
0.054423
0.267252
-0.108577
0.139310
0.386000
-0.254825
0.314253
0.002067
-0.753826
-0.010837
-0.583818
0.456504
-0.363553
0.277000
0.100605
0.056759
0.049755
0.233953
0.050562
0.123159
-0.458460
0.357434
0.087000
-0.095130
-0.112476
0.275576
0.023329
-0.397038
0.083407
-0.280274
-0.046778
0.243000
0.052045
-0.082153
-0.333004
0.234464
0.554771
0.103371
0.513034
0.254364
-0.148000
0.090398
-0.057250
0.035713
-0.223185
-0.121908
-0.146701
-0.133885
-0.062143
-0.124000
0.330805
0.480987
-0.069758
-0.335444
0.202243
-0.086178
-0.024224
0.180915
-0.037000
-0.428891
-0.473229
0.064274
0.268352
-0.303508
0.068777
-0.192779
-0.177059
0.748000
0.210924
0.298579
-0.014830
-0.109477
0.214768
-0.056002
0.076776
-0.233030
-0.836000
0.089458
-0.123142
-0.289434
-0.246377
0.425373
0.168874
-0.016040
0.068096
-0.541000
-0.482069
-0.478534
0.402639
0.031013
-0.189547
-0.289242
0.275940
0.115073
-0.619000
0.456222
0.118498
-0.130064
0.145395
-0.075402
0.023383
-0.141073
0.118512
0.454000
-0.077018
0.061600
0.322889
0.089633
-0.063539
-0.038085
-0.061018
-0.188964
-0.691000
-0.026831
-0.145711
-0.206204
-0.098520
0.016066
0.156811
-0.046974
0.317630
-0.126000
-0.119895
0.320518
-0.192076
0.046978
-0.060817
-0.061294
0.315469
-0.116963
0.072000
0.052549
-0.237162
0.286761
0.306876
0.440663
-0.076877
-0.135231
0.036533
-0.677000
0.086636
0.188727
-0.186317
-0.360254
-0.441392
-0.289549
0.032339
0.285799
0.247000
-0.084767
-0.118520
-0.049665
0.068734
0.033625
0.328623
0.028960
-0.390093
0.139000
-0.170723
-0.078820
-0.011325
-0.193312
-0.498307
-0.156373
-0.065677
0.232319
-0.894000
0.277946
0.176297
0.105638
0.213276
0.697651
0.277474
0.365490
-0.585128
-0.177000
-0.249293
0.009091
-0.117472
-0.002962
0.032986
-0.135996
-0.176074
0.215393
-0.016000
-0.162894
-0.610573
-0.041361
0.386807
0.095705
0.072091
0.262252
-0.228590
0.861000
0.194336
0.469941
-0.234079
-0.337665
0.271873
0.510450
-0.582835
0.243180
-0.831000
0.058845
-0.028496
0.119732
-0.170520
-0.287735
-0.783606
0.417077
0.243374
0.623000
-0.025117
0.165478
0.313852
-0.164283
-0.641761
-0.294056
0.280460
0.209519
0.670000
0.147141
-0.250465
-0.344853
0.197691
0.750552
-0.478348
-0.057977
-0.032105
-0.725000
-0.273415
0.043057
0.191064
0.046781
-0.059833
0.673208
-0.225937
-0.273118
-0.543000
-0.319100
-0.210413
-0.216691
0.265587
0.106512
0.512117
0.296249
-0.498680
0.216000
0.488239
0.456047
-0.001744
-0.435642
-0.090291
-0.691372
-0.441636
0.577046
-0.988000
-0.128031
-0.282391
0.245628
0.199042
-0.153540
0.359423
0.133383
-0.174758
-0.513000
-0.159107
0.051386
0.383120
-0.136814
0.163391
0.090799
-0.178732
0.736128
-0.564000
0.326219
-0.362782
-0.852686
-0.221128
-0.211383
-0.195157
0.259628
-0.578635
-0.255000
-0.163230
0.236937
0.259525
0.158173
0.088066
0.094475
0.092443
0.076554
0.694000
0.370995
-0.057030
-0.034139
-0.233200
0.104409
0.012677
-0.057313
-0.194396
-0.363000
-0.148216
0.120277
0.230770
0.362706
-0.460475
-0.439923
0.362666
0.071253
-0.661000
-0.239023
-0.094164
0.106530
-0.095218
0.214430
0.274629
-0.338264
0.174329
-0.568000
-0.475814
-0.115197
0.267791
0.034425
-0.010158
0.016187
-0.077801
0.129305
-0.905000
0.591764
-0.115037
-0.365461
-0.061165
0.294326
0.717072
-0.029648
0.001589
-0.938000
-0.063662
0.207444
0.145464
-0.093062
-0.176269
-0.521555
0.181749
-0.228598
0.379000
-0.215507
0.290475
-0.397128
-0.451468
-0.081856
-0.355124
0.030762
0.106424
-0.625000
0.243908
-0.298176
0.800103
0.449251
0.184585
0.112970
-0.049854
0.115739
0.001000
-0.074636
-0.003626
-0.478370
-0.010829
0.217786
-0.136824
0.008718
-0.133067
0.434000
-0.080283
-0.308678
-0.154466
0.305101
0.433279
0.186178
-0.131741
-0.012372
0.306000
0.201209
0.386339
0.174527
-0.013812
-0.869681
0.111444
0.194055
-0.107801
-0.125000
-0.171299
-0.110262
-0.032267
-0.157395
0.274237
-0.076452
0.069281
0.063216
-0.142000
0.110515
0.038259
0.500548
0.231433
0.153565
-0.501924
-0.227835
-0.059443
-0.823000
0.249390
0.069967
-0.740798
-0.339290
-0.101152
0.376186
-0.044263
0.276824
-0.193000
-0.162121
0.058558
0.313855
-0.004002
0.030184
-0.166417
0.011422
-0.249417
-0.449000
-0.050668
-0.289626
-0.288663
-0.487575
-0.172129
0.498608
0.356964
0.135428
0.233000
0.195644
-0.106602
0.521112
0.406158
0.556728
-0.178367
-0.160447
-0.247262
-0.829000
-0.139141
0.085917
-0.239206
0.118921
-0.427342
0.058895
-0.063592
0.022903
0.089000
0.156331
0.303949
-0.279282
-0.129312
0.147954
-0.119929
0.099414
0.261314
0.166000
-0.515247
-0.342026
0.529684
0.418742
-0.584767
-0.336922
-0.108738
-0.297246
-0.683000
0.429312
0.124234
-0.243491
-0.294377
0.228213
0.252212
-0.045782
0.296180
-0.462000
-0.015198
-0.503092
0.057198
0.185734
0.127977
0.349339
0.009213
-0.513301
-0.331000
-0.046661
0.761164
-0.337557
-0.360293
0.257467
-0.237135
0.155879
0.467836
-0.603000
-0.183723
-0.222288
0.295680
0.202153
-0.430751
0.151454
0.003512
-0.136109
-0.380000
0.204427
0.231241
-0.143472
0.108567
0.042401
-0.095089
0.085564
0.329510
0.480000
-0.096787
-0.139215
0.166570
0.042881
-0.075126
-0.553160
-0.076433
-0.546009
-0.527000
-0.047689
-0.142343
-0.110238
-0.036713
0.156242
0.431999
-0.130826
0.436838
-0.501000
-0.206865
-0.168724
0.178275
-0.339077
-0.383358
-0.036538
0.038114
-0.075782
0.681000
0.570403
0.290615
-0.132552
0.779921
0.206316
0.345107
-0.077694
0.254557
0.530000
-0.208625
-0.040323
0.034692
-0.483957
0.233270
-0.319381
-0.131457
-0.421962
0.976000
0.384270
0.359703
-0.126423
0.216377
-0.018856
0.178448
-0.264638
-0.166018
-0.915000
-0.693920
-0.317080
-0.227062
-0.477494
0.071720
-0.149919
0.257451
0.112688
-0.537000
0.199080
0.018867
0.386838
0.323036
-0.250745
0.203400
-0.044709
0.084463
-0.105000
-0.045589
-0.058597
-0.031593
-0.078088
0.049543
-0.238015
0.276023
0.090360
0.018000
-0.024099
-0.161444
0.352240
0.226140
0.219604
0.131397
-0.378329
-0.285060
0.458000
0.359283
0.000661
-0.277150
-0.250011
-0.356395
-0.055398
0.045361
0.495920
-0.251000
0.321562
0.512156
0.227299
-0.373752
0.181905
-0.011326
-0.100143
-0.096520
-0.008000
-0.518951
-0.509531
-0.482397
0.719008
-0.504274
0.112889
0.104702
0.234311
-0.454000
0.064785
0.273455
0.216154
-0.203423
0.300324
0.132797
-0.148255
-0.474075
0.504000
-0.012833
-0.264135
-0.108909
0.050900
0.202454
0.268136
-0.346797
0.001651
-0.551000
-0.101558
0.246126
0.281775
-0.241482
-0.323277
0.023230
0.294154
-0.041299
-0.118000
0.174610
-0.021572
-0.244759
0.076090
0.230064
-0.317541
0.069322
0.252361
0.609000
-0.166224
0.336508
0.026226
0.035112
0.200504
-0.422695
-0.088120
-0.099666
0.792000
-0.176838
-0.294233
0.479522
0.061090
-0.206017
0.216422
-0.143854
0.411638
-0.101000
0.226606
-0.006260
-0.476035
0.006840
0.228087
0.005666
0.171153
-0.296120
0.205000
0.518000
-0.138551
-0.349915
-0.159083
-0.290545
0.156113
-0.047385
-0.435365
-0.862000
-0.343162
-0.314020
0.700063
0.385465
0.695093
0.419211
0.010046
0.210833
-0.592000
-0.065645
0.263943
-0.238336
-0.177268
-0.511519
-0.437426
0.038123
0.106250
0.559000
-0.604635
0.433556
-0.256936
-0.283388
-0.155614
0.504273
0.412010
0.401358
0.801000
-0.071243
-0.122542
0.166669
0.681453
0.348158
-0.629265
-0.689460
-0.371293
0.371000
0.610689
-0.070043
-0.162791
-0.411023
-0.028312
0.091665
0.188111
0.054622
-0.323000
0.493303
-0.410870
0.074361
0.239770
-0.269031
-0.348811
-0.063008
0.134939
0.426000
-0.587167
0.714783
-0.222020
-0.489622
0.150710
0.486599
0.058679
-0.439428
0.618000
0.011744
-0.384092
0.120889
0.291852
-0.015650
-0.099629
-0.081276
0.329350
0.638000
-0.032639
0.005920
0.108145
0.353091
0.142061
0.275852
0.243163
-0.058820
0.279000
-0.075713
-0.313241
-0.189916
-0.551319
0.122426
-0.763140
-0.063900
0.083674
-0.164000
0.153877
0.364631
0.095017
0.145462
-0.435981
0.560406
-0.169864
0.076363
0.121000
0.315397
0.092776
0.279807
-0.363499
-0.448485
-0.137893
-0.164399
0.060777
-0.334000
-0.286204
0.209019
-0.189873
0.094153
0.676621
0.121201
0.011610
-0.334196
0.682000
0.047705
-0.360615
0.063478
0.218894
-0.187943
0.022087
0.044334
0.150571
-0.782000
-0.189276
0.192316
0.016696
0.125351
0.056638
-0.087651
-0.138867
-0.016365
-0.228000
0.360706
-0.354014
-0.322693
-0.209298
0.005343
0.368158
0.146953
0.044008
-0.891000
-0.371581
0.359103
0.080690
0.118985
-0.088799
-0.299130
0.206342
0.122418
0.901000
0.009707
-0.092617
0.400384
0.056876
0.006602
-0.251299
-0.046962
-0.062502
-0.775000
-0.000971
0.087812
-0.441289
0.177229
-0.369113
0.106079
0.214099
-0.038736
-0.180000
0.054474
-0.007706
0.224671
-0.183664
0.393083
0.076381
-0.456425
0.012440
0.688000
-0.048874
-0.075841
-0.141924
0.188024
0.230478
0.158761
0.224418
-0.226688
-0.784000
0.125787
-0.016661
0.013683
-0.099873
-0.382599
-0.459660
-0.131604
0.606317
-0.964000
-0.233116
-0.081921
-0.075016
-0.077650
0.392155
0.457609
-0.024585
-0.310304
-0.549000
-0.184684
0.305855
0.184773
-0.177082
-0.144650
0.065654
-0.248087
0.238196
0.684000
0.526169
-0.328286
-0.375484
-0.095262
0.026995
0.127547
0.038544
-0.300211
-0.082000
-0.299076
0.140507
0.266826
0.217501
0.381699
-0.397653
0.176628
-0.082003
-0.973000
-0.076098
-0.127097
0.393271
-0.236220
-0.060120
0.067908
-0.053458
-0.301758
0.537000
0.172801
0.234327
-0.507169
0.630800
0.155064
-0.100665
0.255002
0.387705
0.142000
-0.164068
-0.256720
0.154726
-0.360055
-0.354810
0.161020
-0.123032
0.028939
-0.071000
0.013970
0.229452
-0.135754
0.150700
-0.038953
-0.273847
0.041502
0.096064
0.114000
-0.252919
-0.039949
-0.097070
-0.599201
-0.216496
0.535837
-0.131047
-0.136560
0.058000
0.037723
0.161404
0.212231
0.343062
0.105566
-0.091306
0.160530
0.045908
-0.459000
-0.102319
-0.226467
-0.031483
-0.105927
0.286377
0.112578
0.085513
-0.090079
0.852000
0.024011
0.092059
0.525827
0.177410
-0.457769
-0.377624
0.141308
0.242728
0.175000
0.202546
-0.105054
-0.496323
-0.107151
0.315598
0.131588
-0.161390
-0.082984
0.163000
0.126424
-0.113828
-0.616625
0.014134
-0.237031
-0.079257
-0.062323
0.074179
0.530000
-0.294243
0.483887
0.551023
-0.033792
0.439452
0.326096
0.008257
0.200835
-0.408000
0.055706
-0.207270
0.017205
0.033599
-0.233969
-0.056487
0.045013
-0.445521
0.388000
-0.309545
0.315549
-0.147226
0.028033
0.091635
-0.048288
0.175293
0.019495
-0.300000
0.495680
-0.454385
0.242023
-0.434282
-0.229497
0.225535
-0.698811
0.138537
-0.760000
-0.233867
0.164806
-0.094468
0.426433
0.320712
-0.298807
0.457313
-0.108217
-0.672000
0.124616
-0.246125
-0.206681
0.176742
-0.074033
-0.019122
0.410487
0.033424
0.382000
-0.206581
0.160969
0.224131
-0.068911
0.496878
-0.118098
-0.326978
-0.436515
-0.325000
0.119525
0.108477
0.012983
-0.072384
-0.756804
0.106073
-0.016601
0.484232
0.025000
0.339829
-0.215142
0.404552
-0.136488
0.011885
0.105241
0.268459
-0.016978
-0.548000
-0.197183
0.320222
-0.531568
-0.018163
-0.109043
-0.203556
-0.300155
-0.247196
0.288000
-0.155754
-0.020542
0.238632
-0.039027
0.221216
0.060008
0.149289
0.048247
0.495000
-0.452990
-0.530841
-0.031170
0.362366
0.234287
-0.521881
0.297440
0.175748
0.389000
0.482756
0.338471
-0.271795
-0.489976
-0.509546
0.815923
0.103860
0.013495
-0.199000
0.016919
0.096425
0.152496
0.221664
0.293240
-0.296218
-0.447814
-0.039284
-0.654000
0.514340
-0.106292
-0.023772
-0.265255
0.189308
0.066744
-0.308906
0.053402
0.920000
-0.487997
0.278539
0.311087
0.278880
-0.404248
-0.568884
0.097129
-0.030344
0.439000
-0.031274
-0.134755
-0.203271
-0.040000
0.088972
0.451362
0.268410
-0.054065
-0.216000
0.165218
0.027233
0.127421
0.173631
-0.038108
-0.205304
-0.038585
0.291618
-0.114000
0.029667
-0.084889
-0.052683
-0.095128
0.093764
0.324138
-0.062417
-0.477013
-0.402000
0.109817
-0.061943
-0.004106
-0.069518
-0.035777
-0.245208
0.084904
0.271138
0.155000
-0.429529
0.087910
0.028831
-0.216944
-0.386131
0.335786
-0.027044
-0.298243
-0.539000
0.230523
0.026371
-0.192259
0.339144
0.428879
-0.167663
0.228902
0.641338
-0.159000
-0.065765
-0.088874
0.035637
-0.136698
0.025420
0.076887
-0.202516
-0.358658
0.126000
0.065528
-0.160097
-0.240631
0.171486
0.195728
0.029304
-0.045013
-0.025727
-0.968000
0.212942
-0.221975
0.148643
0.081195
0.045156
-0.060024
0.064353
0.200711
0.689000
-0.335612
0.125748
0.110739
-0.198715
0.149059
-0.097321
-0.093958
-0.039927
0.393000
-0.174175
0.521090
0.009445
0.163838
0.151774
-0.393728
0.196762
-0.248864
-0.297000
0.171929
-0.330754
0.446344
-0.390393
-0.141231
0.324332
-0.569504
-0.133485
-0.366000
0.029619
0.042822
-0.446355
0.265369
-0.169266
0.048701
0.375019
0.184742
-0.360000
0.117857
-0.395196
-0.291301
-0.208740
-0.126813
0.642466
-0.220467
0.190005
-0.384000
-0.098202
0.409291
0.227375
0.369874
-0.028154
-0.968642
0.529999
0.166561
-0.861000
0.004147
-0.147097
0.077718
-0.272839
0.078166
0.356350
-0.158782
-0.095234
0.666000
0.119166
0.134459
0.230862
-0.013521
0.093661
0.022780
0.011582
-0.255489
-0.168000
0.029962
-0.151575
-0.271878
-0.534962
0.017427
0.246227
-0.310634
0.418894
-0.510000
-0.080019
0.035210
0.079505
0.650324
-0.123022
-0.305474
0.245637
-0.319637
-0.752000
0.446343
-0.148143
-0.329965
-0.133904
0.250192
-0.319753
-0.002603
-0.183131
-0.211000
-0.535097
0.434448
0.707784
0.679263
-0.180984
-0.145915
-0.272784
0.353276
-0.583000
0.088086
-0.254494
-0.338913
-0.538889
-0.185326
0.287179
0.260186
-0.007429
0.405000
-0.122405
0.083132
-0.205921
-0.332268
-0.222370
0.125187
0.047985
0.278307
-0.383000
0.055152
-0.430894
0.196624
0.464762
-0.232539
0.222552
0.089217
-0.141279
-0.438000
-0.051361
0.388322
-0.120595
-0.223132
0.599812
-0.152268
-0.112022
-0.209538
-0.324000
0.202296
0.089652
0.128435
0.157374
0.245862
-0.329952
0.076978
-0.153994
0.505000
-0.016784
-0.272335
0.321115
-0.146405
-0.113341
0.172101
-0.510750
0.259400
-0.151000
-0.049518
0.178407
-0.375853
0.136729
-0.190885
-0.069747
0.319941
-0.042306
-0.996000
0.145823
0.174634
-0.070561
0.073925
0.032086
0.279805
-0.274281
0.188783
0.950000
-0.109907
-0.195624
-0.311553
0.025298
-0.139256
0.031720
0.248982
-0.623892
-0.724000
-0.189705
-0.073414
0.467481
-0.078875
0.202200
-0.231126
0.157731
0.206665
0.694000
-0.216145
0.240392
0.327434
0.006060
-0.478100
-0.245811
-0.065480
-0.032773
0.633000
0.164072
-0.402523
-0.286822
0.092833
0.270201
0.025162
0.518032
0.309899
-0.581000
0.103212
0.268590
-0.089365
-0.102284
0.209357
0.062514
-0.502942
-0.082047
0.441000
0.059578
-0.124559
-0.020285
0.182957
0.240012
0.105718
0.189033
-0.272402
0.207000
0.147022
-0.021546
0.325669
-0.093664
0.230908
-0.323438
-0.233227
-0.303590
-0.775000
-0.234335
-0.131303
-0.183096
-0.048051
-0.580325
0.235959
0.259197
0.521934
-0.472000
-0.327287
-0.133035
0.389854
0.095060
-0.222575
0.096568
-0.216342
0.372205
-0.665000
0.320919
0.454602
-0.606346
-0.214817
-0.274242
-0.173133
0.359029
0.049462
-0.384000
0.164054
-0.185708
0.145150
0.013199
0.730899
0.020966
-0.293730
-0.596901
0.426000
-0.114755
0.523610
-0.189064
0.163464
-0.591895
0.171640
-0.458725
-0.293641
0.153000
0.124508
-0.417912
-0.072920
-0.247772
0.529996
0.032596
0.443241
0.559967
-0.914000
0.060604
-0.072328
0.233701
0.172885
-0.208348
-0.024973
-0.035602
-0.267025
-0.275000
-0.109120
0.047527
0.293138
-0.165496
0.499658
-0.099988
0.194189
0.622622
0.938000
0.366029
0.250365
-0.306661
0.142533
-0.627409
-0.113952
-0.490201
-0.786603
0.343000
-0.306665
-0.289816
0.064147
-0.091376
0.106222
0.215783
0.298158
0.255029
-0.001000
-0.214450
0.025045
-0.007932
0.117907
-0.276810
0.225500
0.123126
-0.722712
0.352000
0.153821
0.008647
-0.022094
-0.255486
0.373773
-0.110709
0.064328
0.812173
0.653000
0.089252
-0.162361
0.032929
0.171579
-0.120208
0.050860
-0.187894
-0.074627
0.739000
-0.064387
-0.000638
-0.031591
-0.074613
0.138343
-0.224553
0.075898
0.033771
-0.271000
0.235698
-0.312372
-0.052312
0.311252
0.042668
0.324510
-0.013448
-0.242280
-0.406000
-0.306879
0.418988
0.173532
-0.128489
-0.082246
-0.311140
-0.015344
-0.051343
-0.503000
0.040073
-0.107772
-0.020578
-0.136575
0.322577
0.144817
-0.064653
-0.050661
-0.784000
0.214825
-0.122913
0.216747
0.064644
-0.719741
-0.217521
0.188558
0.220771
-0.609000
-0.041812
0.317007
-0.261918
0.073669
0.206616
0.120487
-0.183836
-0.053523
-0.338000
-0.031139
0.041369
0.190031
0.209076
-0.306200
-0.297530
-0.129057
0.062021
-0.440000
0.091151
0.069707
-0.644599
-0.414421
0.586714
0.193325
-0.083299
-0.110239
0.902000
-0.018753
-0.025194
0.590626
0.220913
-0.428175
0.084833
0.217233
-0.212191
0.706000
0.159570
-0.017071
0.083830
0.586366
-0.562332
0.067006
0.155828
0.206997
0.603000
0.175065
-0.544785
-0.045669
-1.104757
0.314368
0.377980
-0.157519
0.218813
-0.448000
-0.356565
0.631669
-0.088077
0.413594
0.183997
-0.516486
0.059650
-0.128980
0.815000
0.043034
-0.325089
0.205757
0.216692
0.092165
-0.059184
0.384079
-0.262386
-0.444000
0.084842
0.425493
-0.436950
-0.373073
0.227098
0.016598
-0.756981
0.215440
0.887000
-0.085767
-0.420399
0.281931
0.351127
-0.191507
-0.021944
0.352198
-0.035551
0.153000
0.052314
-0.099512
0.106600
0.121515
-0.094346
-0.286742
-0.057551
0.227824
0.808000
-0.394169
0.160313
-0.275572
0.138674
0.078955
0.433054
0.386565
-0.428050
0.807000
0.241275
0.048024
0.248193
-0.406602
-0.014777
-0.057490
-0.403054
0.368786
0.168000
-0.069859
0.031721
0.079278
-0.065242
-0.252159
0.242913
-0.162236
0.203776
0.304000
0.299356
0.100369
-0.130849
-0.018755
0.313855
-0.450042
0.279449
-0.617117
-0.179000
-0.229948
-0.208131
-0.199371
0.174453
0.059490
0.115086
-0.066506
0.482018
-0.964000
-0.183888
-0.367340
-0.218713
-0.036907
0.323231
0.172337
0.515305
0.185320
0.218000
0.197160
0.017166
0.276787
0.204889
-0.171309
-0.007517
-0.378001
-0.296541
-0.753000
0.038216
0.322275
0.166788
-0.184490
-0.345952
-0.061115
-0.206358
0.140093
-0.162000
0.041316
0.337798
0.124512
0.095761
-0.365259
-0.233160
-0.467263
-0.074753
0.509000
0.047127
-0.166615
-0.254920
0.002546
0.425433
0.132491
0.733628
-0.021561
-0.675000
-0.200126
-0.246345
0.092861
-0.097548
0.007392
-0.095281
-0.089773
0.162650
-0.634000
0.077868
-0.166741
-0.038043
-0.016436
0.113403
-0.009387
0.319307
-0.062420
0.080000
-0.599811
0.118982
0.089874
-0.040026
0.055164
0.163523
-0.249080
0.100182
-0.966000
0.559978
0.220206
-0.233836
0.018851
-0.286269
0.078745
-0.177341
0.025404
-0.085000
0.001363
-0.208931
-0.274759
0.009910
0.246392
0.083275
-0.332073
0.014049
-0.613000
-0.214922
0.614962
0.112432
-0.284558
0.148137
0.256335
0.066221
0.242187
-0.162000
0.179254
-0.326744
0.227709
0.213455
-0.319993
-0.352215
0.193681
-0.330218
-0.185000
0.214572
0.157280
0.150167
-0.099557
-0.086053
-0.169801
-0.037787
0.355322
0.938000
0.052087
-0.090238
-0.416667
0.059750
-0.570526
-0.171181
-0.030537
-0.080967
0.977000
-0.111521
-0.055160
0.204562
-0.009939
0.514860
0.296280
-0.024173
0.005009
0.706000
-0.400034
0.112009
-0.184475
-0.419292
0.068546
0.244726
0.063280
-0.321046
-0.336000
-0.002697
-0.202932
0.406302
0.773399
0.318450
0.002927
-0.100814
-0.001317
-0.489000
0.234412
0.070547
-0.171921
-0.228229
-0.475945
-0.191452
0.233756
0.187144
-0.167000
-0.114587
-0.481996
-0.140071
-0.101178
0.559691
0.016912
0.186238
-0.067107
0.356000
0.302585
0.587037
0.181738
0.424510
-0.520059
0.201523
-0.355162
-0.252099
-0.068000
-0.054117
-0.062339
-0.121168
-0.435154
0.160753
-0.221154
0.049165
0.169802
0.893000
-0.060609
0.234553
-0.067114
-0.156259
-0.512006
-0.049638
0.122802
0.114331
-0.979000
-0.561592
-0.364542
-0.433887
-0.036087
0.379853
0.353286
0.051578
0.168089
0.420000
0.432684
0.020309
0.516589
0.256753
0.047246
-0.158174
-0.073171
-0.201170
-0.693000
0.233561
0.022607
0.458509
0.108443
0.075626
0.198233
-0.490281
-0.163791
0.736000
0.336369
-0.062197
-0.055786
0.039472
0.082565
-0.858561
0.196822
0.310277
0.408000
-0.353939
0.177853
-0.389540
-0.165972
0.035300
0.343076
0.190319
-0.286060
-0.435000
-0.058640
0.262122
-0.387248
-0.030162
0.139508
-0.162030
0.040115
0.182435
-0.454000
-0.256686
-0.209093
-0.025335
-0.215356
-0.015217
0.401716
0.162533
-0.352475
0.241000
0.296487
-0.041759
0.309961
0.145558
-0.333470
0.070997
-0.083281
0.255508
-0.800000
-0.238754
0.352607
0.209352
-0.078169
-0.170856
-0.160610
0.121914
0.203537
-0.656000
-0.178319
-0.049421
0.268418
0.459411
-0.028401
0.251351
-0.418573
-0.067577
-0.691000
0.208665
-0.359040
-0.310815
-0.345331
0.340373
-0.163647
0.214080
-0.150680
0.383000
0.100559
-0.074982
0.029730
0.150905
-0.021901
0.345096
-0.037046
-0.063900
0.693000
0.152039
0.117003
-0.201791
-0.442851
0.059574
-0.469831
0.240541
-0.129930
-0.819000
-0.151448
0.058515
0.000284
0.185027
-0.111124
0.090536
-0.170404
0.411487
0.682000
-0.165494
-0.251722
0.079680
-0.225030
0.141870
-0.392773
0.098873
-0.064955
0.571000
0.125909
0.305788
0.060385
0.094642
-0.196482
0.493768
0.042350
0.393374
-0.761000
0.088846
-0.280740
-0.019378
0.099004
0.185824
-0.182950
-0.091164
-0.393240
-0.225000
-0.024914
0.245951
0.066142
0.184297
-0.175043
0.174619
-0.207014
-0.107118
0.260000
0.025398
-0.176205
-0.268061
-0.023218
0.372217
-0.197849
0.052986
-0.191218
-0.066000
-0.094730
-0.011375
0.246982
-0.246642
-0.300339
0.367568
0.137830
0.223668
0.039000
-0.314743
-0.050904
0.046311
-0.338982
-0.105016
0.233662
-0.014347
0.121424
-0.910000
0.627985
0.038463
-0.066829
0.194997
0.118565
-0.024249
0.092180
0.066065
0.167000
-0.373701
0.064991
-0.069564
0.265127
-0.026738
-0.405138
0.077798
-0.238270
-0.154000
0.075599
0.246399
-0.370994
0.148542
0.141685
-0.285475
0.074343
-0.406689
-0.016000
-0.082417
-0.175649
0.427873
-0.021507
-0.373734
0.054169
-0.229020
0.868319
-0.832000
0.038261
-0.080821
0.045453
-0.184094
0.462602
0.173523
0.131527
-0.589026
-0.373000
0.284964
-0.005659
0.288626
0.156667
-0.288002
0.090086
0.133369
-0.159318
-0.631000
-0.489709
0.007770
-0.070216
-0.288841
-0.010297
-0.064302
-0.751551
0.276527
0.959000
0.089606
0.028900
-0.314877
0.264394
0.154005
-0.018822
0.562935
0.023742
0.197000
-0.090423
-0.054836
-0.145349
0.090553
0.065841
0.177916
0.129234
0.234480
-0.063000
0.051006
0.012939
0.000884
-0.463713
0.300107
0.129146
-0.286103
-0.327136
0.470000
0.079054
-0.146781
0.100577
0.332524
-0.243395
-0.065644
0.199075
0.027396
0.554000
0.129145
-0.233443
0.037250
-0.161601
-0.188668
0.430537
-0.107995
-0.169196
0.092000
0.053850
0.140778
-0.116574
0.314401
-0.100011
-0.651284
0.225186
0.361707
0.742000
-0.205483
0.182333
0.197706
-0.112281
0.327123
0.077352
-0.302871
-0.255839
0.716000
-0.124462
0.368698
0.387858
0.258111
0.171199
-0.189443
-0.079639
-0.470385
0.583000
0.300494
-0.168511
-0.305278
-0.433538
-0.566838
0.317856
-0.031908
0.319672
0.236000
-0.071748
-0.326977
0.022696
0.208977
0.112443
-0.078847
0.370982
0.083717
0.935000
0.024672
-0.319506
-0.280060
0.185305
-0.199725
-0.206395
0.073025
0.298730
0.048000
0.023742
0.301739
0.122727
-0.096933
0.738950
-0.028646
0.279297
-0.469199
-0.126000
-0.026837
0.032613
-0.065031
-0.034853
-0.149269
0.088479
-0.546199
0.143857
0.158000
0.313549
0.121609
0.245141
0.096884
0.195814
-0.063986
-0.123310
0.065645
-0.646000
-0.228470
-0.035763
-0.232176
-0.340805
-0.147896
0.332681
0.005724
-0.331463
0.307000
-0.033285
0.085067
0.062717
0.143138
-0.041396
-0.214399
-0.005585
0.098075
0.980000
0.086395
-0.172792
-0.060782
-0.214709
-0.042524
-0.058381
-0.097862
0.401305
0.806000
-0.331276
0.090411
0.565328
0.227179
0.268627
-0.533521
0.083808
-0.384949
0.839000
0.147989
0.142509
-0.370645
0.073224
-0.152919
0.439878
0.005397
-0.066309
0.147000
-0.210802
0.163764
-0.040723
-0.312210
0.534104
0.071074
-0.011067
-0.468005
-0.730000
0.354158
-0.149542
0.000083
0.754166
0.046174
0.022507
0.080776
0.174737
-0.839000
-0.072381
0.030407
-0.023516
-0.577415
-0.351381
-0.096786
-0.032531
0.151749
-0.446000
0.097930
0.047728
-0.223715
-0.056845
-0.415177
0.033968
0.266240
0.102069
-0.491000
-0.005186
-0.209040
0.156527
-0.074481
0.137294
-0.248416
-0.079381
-0.012814
0.803000
-0.151647
0.037032
0.135655
0.241110
0.050878
0.309483
-0.131350
-0.020068
0.377000
0.318843
-0.157458
0.363076
-0.209585
0.250006
0.477606
0.118993
-0.029770
-0.834000
-0.625261
-0.112436
0.185391
0.434054
-0.421472
-0.474228
-0.180834
0.056087
-0.747000
0.317794
0.262179
-0.641899
-0.305093
0.287241
-0.155271
0.137431
0.065828
0.429000
0.106953
-0.383968
-0.248200
0.075135
0.037972
-0.158176
-0.380315
0.045789
0.441000
0.420421
0.258222
-0.329425
-0.209797
0.305534
-0.142829
0.823258
-0.423957
0.027000
-0.316420
0.103784
0.531526
0.158347
-0.278176
0.311104
-0.453753
0.222224
-0.828000
0.231854
-0.035698
0.310139
0.157325
0.115631
-0.120258
-0.292880
-0.007755
0.796000
-0.413644
0.510664
0.095191
-0.416246
-0.289290
0.281861
0.253433
0.099654
0.761000
0.118005
-0.577076
-0.290067
0.271569
0.105597
-0.039291
0.025211
-0.163723
0.938000
-0.109611
-0.133977
-0.153756
0.634183
-0.109634
0.179483
-0.009363
-0.014142
0.702000
0.450247
-0.133837
-0.042101
-0.736449
-0.002526
0.113440
-0.605904
-0.095208
0.689000
-0.313066
0.295163
0.161944
0.078339
-0.030616
-0.241877
0.705889
0.260936
-0.536000
0.001406
0.135069
0.037392
0.041293
0.136169
-0.031051
-0.129610
0.125024
-0.596000
-0.403828
-0.206635
-0.007987
-0.282569
0.226437
-0.373080
0.708285
0.308638
-0.452000
0.170167
0.235929
-0.033159
0.263216
-0.397078
0.280707
-0.609097
-0.332544
0.631000
0.441046
0.090920
-0.230695
0.110082
0.006644
-0.241145
0.066370
-0.027780
-0.955000
-0.772214
-0.165351
0.107309
-0.351635
-0.197530
0.380508
-0.534260
0.255971
-0.043000
0.208038
0.018160
0.128308
0.235980
0.189278
0.028494
0.374810
-0.147343
-0.168000
-0.308324
-0.382455
0.654391
-0.060203
0.421065
0.224958
-0.248470
-0.038274
0.934000
0.549689
0.175556
-0.869307
0.444580
-0.553531
0.012445
0.659379
-0.191473
0.628000
-0.260427
0.230200
0.155301
-0.307483
-0.102491
-0.083283
-0.418325
0.222596
-0.044000
-0.045548
0.330062
-0.426979
-0.162369
0.156789
-0.277554
-0.311091
0.029686
0.676000
0.403281
-0.275537
0.180543
0.024951
0.255875
0.014190
0.238930
0.135251
-0.649000
-0.131683
-0.171278
0.312487
0.049074
-0.248261
0.005652
0.061191
-0.072076
-0.986000
-0.151360
-0.159178
0.250247
0.033748
0.020825
0.172915
0.044375
-0.277737
0.928000
0.163206
0.441886
-0.252998
0.021932
-0.290439
-0.108045
0.206290
0.202215
-0.140000
-0.081086
-0.196545
-0.080662
0.021482
0.176997
0.199090
-0.265376
-0.202640
-0.429000
-0.151490
-0.048364
-0.053143
0.516049
-0.278727
-0.454708
0.076669
0.418976
-0.980000
0.394528
-0.523481
0.057919
-0.778057
0.494185
0.299537
0.005448
0.012560
-0.369000
-0.197325
0.343330
-0.083320
0.259618
-0.248717
-0.055627
0.048753
0.068989
0.230000
0.217350
0.146364
-0.074984
0.018696
0.209185
-0.076938
-0.380326
-0.060823
-0.357000
-0.473081
-0.020143
0.381024
-0.039000
-0.322643
0.120888
0.452229
-0.271427
-0.484000
0.331330
0.151681
-0.391627
-0.120639
0.250321
-0.016240
-0.151699
0.011937
0.904000
0.098107
0.178201
0.042022
-0.217164
-0.229406
0.347565
0.276051
-0.114901
-0.041000
-0.302008
-0.313950
-0.087612
0.464965
0.260571
-0.239077
-0.517173
0.304244
-0.382000
0.103230
0.131732
0.151026
-0.139429
-0.126492
-0.056649
0.232222
-0.097785
0.417000
-0.391219
-0.244318
0.059511
-0.086768
0.107999
0.013723
0.078400
-0.268872
-0.310000
0.250850
0.394903
0.017875
0.118669
-0.152996
-0.070657
-0.175666
0.403528
-0.144000
0.103688
-0.216897
-0.066921
-0.022240
0.040466
0.035091
0.251250
-0.186109
0.722000
0.275547
0.243479
-0.088882
-0.129961
0.088805
0.164515
0.164331
0.008430
-0.687000
-0.216629
-0.415222
-0.036355
0.230960
-0.563889
0.189074
0.075435
0.039095
-0.393000
0.041382
0.301197
-0.057768
-0.260392
0.357767
-0.344576
-0.193818
0.057990
0.327000
-0.106394
-0.108358
0.202934
-0.166666
-0.213446
-0.167320
-0.239962
-0.111854
-0.139000
0.109276
0.191198
-0.062337
0.210168
-0.003649
0.393221
-0.178171
0.065499
0.725000
-0.016563
-0.293966
0.021125
0.076510
0.099550
-0.103971
0.482545
-0.013505
-0.824000
-0.353177
-0.011864
0.195663
0.082044
-0.018093
0.145050
0.032797
0.454883
0.696000
0.422332
-0.084750
-0.762202
-0.039137
0.280445
0.068474
0.268351
-0.414878
-0.970000
0.028996
0.127333
0.438393
-0.169394
-0.030330
-0.355674
-0.279881
-0.030818
-0.850000
-0.167962
-0.019325
-0.623199
0.000962
0.047944
-0.448517
-0.418079
0.359440
0.815000
0.153442
0.437995
0.470111
0.065124
-0.064727
-0.014935
0.250121
-0.131447
-0.296000
-0.091439
-0.328164
0.159733
0.098029
-0.052521
0.541724
0.061783
-0.272542
0.130000
-0.177142
0.341850
0.753451
-0.216458
0.314059
0.258527
0.157181
-0.346851
0.175000
-0.129021
-0.308552
-0.609991
0.342870
-0.311147
0.124566
-0.497654
0.090593
0.739000
0.207813
-0.020611
-0.034468
-0.215762
-0.130805
-0.424139
0.364469
0.332270
0.418000
-0.117105
-0.093309
-0.399328
0.043161
0.083680
-0.048375
-0.136485
-0.028980
0.074000
0.094101
-0.206958
0.218579
-0.067496
0.185885
-0.149302
0.400020
0.231831
0.788000
-0.042500
0.403782
0.076805
0.072402
-0.232861
0.135891
-0.190759
-0.198444
-0.147000
0.177705
0.293680
0.182124
-0.152233
0.193528
-0.271440
0.070895
-0.068083
-0.874000
-0.422793
-0.035285
-0.389778
-0.147881
0.168102
0.381131
-0.071490
0.074996
-0.348000
0.143771
-0.296272
0.250813
0.299853
-0.270456
-0.081300
-0.043812
-0.044303
-0.305000
-0.092432
-0.175736
0.098367
0.010479
-0.137284
0.268301
-0.468264
-0.150746
-0.456000
0.347620
0.248841
-0.078279
0.345492
-0.371302
-0.333861
0.753426
0.440609
-0.568000
-0.106364
-0.136645
-0.037646
-0.379678
0.518887
0.065265
-0.178571
-0.366043
-0.445000
-0.128704
-0.015184
-0.045749
-0.207433
0.094210
0.148448
0.119956
-0.157456
0.248000
0.325676
-0.102932
0.094679
0.338511
0.080084
-0.174595
0.103415
-0.345772
0.935000
-0.040904
0.157589
-0.061764
-0.147788
-0.037943
-0.034610
-0.293588
0.328604
-0.118000
0.374933
0.179970
-0.096389
0.204867
-0.163465
-0.356249
-0.002266
-0.038223
0.003000
-0.639432
0.003910
0.309101
-0.443082
-0.212274
0.479266
-0.021129
0.120693
0.041000
0.034843
-0.301575
-0.104667
0.266302
0.398335
-0.304514
0.367201
-0.058474
-0.966000
-0.177721
-0.206011
0.069904
-0.065919
-0.078769
0.645315
0.190763
0.033211
-0.408000
0.419569
0.200804
-0.038914
0.220313
0.027080
-0.871137
-0.435913
-0.039431
-0.862000
-0.297818
0.098132
-0.102994
-0.160960
-0.043067
0.504929
0.107459
-0.007924
0.049000
0.104354
-0.175403
-0.073655
0.313820
0.044438
-0.245304
-0.449363
0.256430
0.583000
0.025061
0.061543
0.130335
-0.492296
0.060125
0.244636
0.471150
-0.213328
-0.302000
-0.027304
-0.035500
0.064993
0.200414
-0.166800
-0.258799
0.091937
0.110775
-0.093000
-0.011983
-0.146855
0.328135
0.126838
-0.134440
0.083665
0.408609
-0.471282
-0.636000
-0.332262
0.313396
-0.365256
-0.378843
0.657905
-0.006641
-0.675202
0.145260
0.026000
0.479055
-0.209130
-0.010492
0.175353
-0.487821
0.220757
0.300828
0.012084
0.362000
-0.112559
0.245509
0.011356
-0.089306
-0.396820
0.337805
0.179243
0.283031
0.535000
0.393214
-0.157100
-0.384508
0.318572
0.344642
-0.426180
-0.251951
-0.039207
0.635000
-0.372344
-0.146026
0.437157
-0.061637
0.121871
-0.035603
0.034287
-0.206457
0.662000
-0.214194
-0.213945
-0.193454
-0.049795
0.436203
-0.348358
-0.127033
-0.357667
-0.609000
0.189413
0.688332
0.329504
-0.469339
-0.454135
0.326180
0.145522
0.415536
0.871000
0.005420
-0.399988
-0.250890
0.388785
0.101258
0.001072
0.074749
-0.037898
0.020000
0.257245
0.148965
-0.075349
0.101558
-0.381167
-0.221718
0.171176
0.827469
0.159000
-0.142041
-0.422706
0.084934
0.283669
0.269495
0.125445
-0.302749
-0.863919
-0.794000
0.016620
0.268075
0.050973
-0.344840
0.016633
0.127299
0.043357
-0.051570
0.436000
-0.136197
0.079240
-0.370263
-0.200976
-0.028622
0.195111
-0.000269
0.225898
-0.464000
-0.171607
-0.156310
0.666218
0.335165
0.107982
-0.351411
-0.291411
-0.361519
-0.269000
0.281310
0.001373
-0.288677
-0.060531
-0.068383
0.160161
0.254761
0.082888
-0.014000
0.470285
-0.489606
0.028993
0.166846
0.309525
0.044031
0.187288
0.228766
0.425000
-0.478800
0.154090
0.012807
-0.515190
-0.073345
-0.284315
0.414373
0.153967
-0.173000
0.128730
0.395646
-0.127654
0.246942
-0.134349
0.194446
-0.680930
-0.329202
0.173000
0.020539
0.427670
-0.119840
-0.075116
-0.088605
-0.212398
-0.389470
-0.311598
0.940000
-0.259142
-0.032933
0.629295
0.442332
-0.428565
-0.120685
0.101713
-0.136795
-0.200000
0.147337
-0.270898
-0.464737
-0.166618
0.384270
0.253423
0.305551
0.424412
-0.998000
-0.075017
0.122582
0.180535
-0.135951
0.116482
0.248376
0.204389
-0.170629
0.269000
0.301631
-0.526820
-0.047605
0.170958
0.379505
0.165226
0.045086
0.154570
-0.691000
-0.074004
0.275786
-0.284431
-0.198528
-0.395623
-0.220463
-0.365361
0.062967
-0.310000
0.077117
-0.164908
-0.352815
0.263719
-0.748907
-0.013968
-0.211607
0.096790
-0.933000
0.026489
0.263284
-0.144833
-0.391349
0.474442
0.115935
-0.108768
0.188755
-0.193000
-0.125962
-0.164238
0.654291
0.232800
0.295127
-0.166638
0.420415
-0.316457
0.801000
0.105060
-0.150366
0.189821
0.117419
0.194409
-0.120041
0.160516
0.277954
-0.272000
0.285709
0.347888
0.269821
-0.389085
-0.222816
-0.145964
-0.086063
-0.538625
0.347000
-0.224397
-0.197475
-0.626350
0.265154
0.091997
0.100688
-0.117164
0.399523
0.964000
0.244151
0.014551
-0.182659
0.146449
0.020901
-0.032061
-0.089928
0.014892
-0.964000
-0.079076
-0.299269
0.047175
0.024897
-0.350990
0.173888
-0.132867
0.098762
0.061000
-0.245648
0.259789
0.169662
-0.188216
0.254908
-0.026509
0.356774
-0.155495
-0.571000
0.159546
-0.207854
0.138849
-0.127064
0.035307
-0.180733
0.221170
-0.070415
-0.492000
-0.343285
0.609876
0.262958
-0.060919
0.046491
-0.098461
-0.204557
-0.314084
0.244000
0.136361
-0.294633
-0.386427
0.224182
0.011056
0.201331
-0.052187
0.301082
0.421000
-0.119591
0.315504
-0.447335
0.338337
0.088405
-0.026288
-0.248132
0.142064
-0.239000
-0.231289
-0.057486
0.209896
-0.318049
-0.116693
0.263774
0.088395
0.360636
0.119000
0.295469
-0.182818
0.123829
0.040969
-0.311562
-0.139848
0.229048
-0.359175
0.986000
0.076635
-0.260725
-0.133906
-0.113780
0.031358
0.320387
0.052301
0.129742
0.458000
0.263775
0.016875
0.194341
-0.207638
0.251930
-0.311933
-0.034313
-0.511769
0.193000
-0.270541
0.167325
-0.005754
0.261885
-0.281985
0.161996
-0.164965
0.422089
-0.491000
0.040108
0.280044
-0.076388
0.076104
-0.065524
-0.492558
-0.137442
-0.097554
-0.548000
-0.270460
-0.227050
0.142299
0.267214
-0.022427
0.935046
-0.299774
0.204555
-0.499000
0.353850
0.050153
-0.122013
-0.409506
0.313177
-0.602497
0.401521
-0.258965
-0.401000
-0.374930
0.084958
0.119553
0.402304
-0.121820
0.191125
0.257725
0.014538
-0.607000
0.358484
-0.330780
-0.170950
-0.787803
0.224062
0.014598
-0.233359
0.098838
0.092000
-0.091419
0.244606
-0.006556
0.279833
-0.169359
0.102907
0.026427
-0.164416
-0.554000
0.284839
-0.023349
-0.349663
-0.283962
0.317199
-0.141533
-0.316573
-0.019835
0.116000
-0.012891
0.154738
0.597819
0.132773
-0.390442
0.259814
0.585972
0.129638
0.995000
-0.379161
-0.146584
-0.232584
0.225588
0.153833
-0.212920
-0.245025
-0.050091
0.819000
-0.049511
-0.349838
0.018141
0.088038
0.079027
-0.298454
0.213381
0.062659
-0.584000
-0.218873
-0.215663
0.062993
0.102849
0.250321
0.101735
-0.207222
-0.332319
-0.620000
0.311787
0.495578
-0.005478
-0.195980
-0.396135
0.164814
0.051541
0.241884
0.135000
0.101900
0.104917
0.270144
0.156294
-0.010797
0.184189
-0.041154
0.113315
0.890000
-0.177481
0.107488
-0.316288
-0.014919
-0.342522
-0.349425
0.327965
-0.066156
-0.071000
0.197398
-0.345241
0.068316
-0.087886
0.126809
0.158658
-0.208834
0.033883
-0.950000
-0.261284
0.147820
-0.213263
0.037290
0.116958
0.145482
-0.016813
-0.282670
-0.403000
0.070182
-0.157803
0.156414
-0.184072
0.072027
0.150280
-0.146869
0.110713
0.639000
0.069644
0.117605
-0.019246
0.143322
0.023075
-0.347787
0.079724
0.237909
-0.566000
0.185118
0.187466
-0.169366
-0.200067
-0.272308
0.160358
0.021170
0.004360
-0.490000
-0.092177
-0.507180
0.212572
0.350760
0.558616
0.089423
0.155467
0.024153
0.306000
-0.032534
0.263360
-0.004822
-0.177850
-0.299387
-0.157042
-0.212915
0.003934
0.931000
-0.346377
0.108066
0.051027
0.119787
0.203148
-0.061392
0.221320
-0.454158
0.204000
0.179075
0.302071
0.042786
0.226123
-0.926696
0.036850
-0.213000
0.260285
0.272000
0.144155
-0.414516
-0.047644
-0.266496
0.558158
-0.096434
0.183811
0.140918
-0.741000
0.121475
-0.061798
-0.402695
-0.255077
0.287641
0.166318
-0.162911
0.242226
0.028000
-0.041691
-0.274155
0.107270
-0.073928
0.156074
0.084529
0.286316
0.247415
-0.016000
-0.083872
0.315297
0.173190
0.242194
-0.304053
-0.042001
-0.291373
-0.554328
-0.022000
0.071280
-0.066911
0.134819
0.240072
-0.388755
-0.329705
0.140229
0.000432
0.015000
-0.026540
0.247790
-0.017826
-0.081502
-0.213345
0.116204
-0.790052
-0.245182
-0.801000
-0.121509
-0.220950
0.125827
-0.036746
0.487500
-0.069040
0.786019
0.364722
0.841000
0.343462
0.035978
-0.109536
-0.326269
0.840446
-0.099949
0.064510
0.319888
0.029000
-0.299448
-0.187837
0.298076
0.310316
-0.621640
-0.097466
0.607943
-0.323600
-0.328000
-0.031923
0.238550
-0.399840
0.016612
-0.010308
0.172248
-0.807425
-0.109661
-0.937000
-0.254248
0.015495
-0.077548
0.017190
-0.137334
0.092439
-0.112175
-0.238150
-0.144000
0.057252
-0.132752
0.260286
0.143471
0.200815
-0.158658
-0.139701
0.187990
-1.000000
0.123589
0.107501
0.154495
-0.154865
-0.294365
0.203475
0.238820
-0.052469
-0.624000
-0.054906
0.161823
-0.101615
-0.313826
-0.117539
0.014722
-0.194517
-0.123293
0.967000
0.261220
0.321053
0.264978
0.138428
0.425317
-0.317845
0.301626
-0.017363
0.923000
-0.080800
-0.442346
-0.430029
0.169441
0.087462
0.098142
-0.218002
0.055448
-0.683000
-0.083959
0.234517
-0.194313
0.407703
0.075065
0.315901
-0.139512
0.105659
-0.689000
0.203120
-0.722832
0.033452
-0.484495
0.070920
-0.262608
0.076568
-0.101582
0.633000
-0.062268
0.342956
0.205947
-0.018293
-0.330118
0.098846
0.043064
0.103768
0.964000
0.047031
-0.247074
0.354791
-0.255256
-0.080533
0.056122
0.191191
-0.191684
0.916000
0.094552
0.347560
-0.397072
0.120258
0.064579
-0.107522
-0.338945
0.084892
0.715000
-0.076397
-0.061099
0.104697
0.120687
0.382814
-0.106660
0.088561
-0.019096
-0.105000
-0.368108
-0.109987
0.023244
0.275173
-0.347534
-0.055822
0.287019
0.071685
-0.630000
0.254669
0.131272
0.080638
-0.092128
0.484235
0.481152
-0.126246
-0.250282
0.354000
0.129149
-0.070113
-0.150384
-0.269750
-0.180674
-0.287674
-0.067938
0.114820
-0.174000
0.230127
-0.090792
0.180645
-0.096551
0.397790
0.080284
-0.283682
0.014676
-0.240000
-0.241404
0.205834
-0.219093
0.018788
-1.054534
-0.513563
0.557635
-0.014655
0.481000
-0.103985
-0.079877
0.202666
0.164735
0.436004
0.539499
-0.153746
-0.191607
0.025000
-0.164692
0.016953
-0.517815
-0.063209
0.154832
0.084605
0.123212
-0.178529
0.882000
-0.006053
0.087029
0.625407
0.209098
0.191370
0.143016
-0.226794
0.191793
-0.914000
0.244356
-0.255761
-0.081564
-0.204178
-0.355720
-0.363462
0.067258
0.307341
-0.383000
-0.146924
0.268082
0.382288
0.240496
-0.638983
0.233561
-0.033673
0.082490
0.547000
0.258682
-0.173477
-0.563780
-0.348848
0.372601
-0.608827
0.009243
-0.279774
-0.742000
-0.126790
0.260572
0.003363
0.211280
0.238518
0.421239
-0.007376
-0.058396
-0.352000
-0.048032
-0.202248
0.053520
0.144790
0.270945
0.091180
0.207722
0.165620
-0.697000
0.166143
0.606837
-0.032484
-0.226086
-0.333809
0.263699
-0.407540
-0.071749
-0.098000
-0.070263
-0.575663
0.015338
-0.047739
0.053676
-0.319421
0.111588
0.171091
-0.607000
0.207953
-0.049434
-0.106997
0.204634
-0.002725
-0.294105
-0.255023
-0.239257
0.360000
-0.019153
-0.329512
0.212372
-0.286465
-0.082018
0.276839
0.255347
0.500574
-0.631000
-0.394273
0.597314
-0.136143
0.109215
0.306996
0.018892
-0.009104
-0.417550
0.667000
-0.100409
-0.232215
0.019425
-0.251305
-0.028479
0.223724
0.141142
0.157581
-0.389000
-0.085145
0.251278
0.092618
0.402933
0.402203
-0.348419
-0.059001
-0.456155
-0.066000
0.325129
-0.161557
-0.055686
-0.123924
-0.573203
0.067493
-0.057497
0.408861
0.612000
-0.038064
-0.101997
-0.125899
-0.269830
0.332208
-0.326282
-0.379198
0.089543
0.436000
0.051230
0.054157
0.222726
0.406167
-0.145608
-0.112511
0.528476
-0.104136
-0.072000
0.019242
0.087432
-0.067358
-0.104303
-0.194582
0.435761
-0.154333
-0.035899
-0.751000
0.149583
0.154508
-0.040162
-0.410482
0.040004
0.405488
0.268754
0.384543
-0.291000
0.134515
-0.107108
-0.353281
0.147507
-0.186180
-0.477268
-0.518670
-0.339990
-0.765000
-0.242706
0.171898
0.254499
0.177176
0.255264
0.047461
0.021778
0.041468
0.272000
-0.325127
0.031455
0.264033
0.262295
-0.096462
0.101339
-0.073688
-0.356663
-0.821000
-0.151399
0.101896
0.047551
-0.355229
-0.000482
-0.069386
0.135532
0.328729
0.279000
0.555695
-0.290857
-0.158414
0.153038
-0.011079
-0.226190
0.040375
0.141497
-0.676000
-0.042243
0.124262
-0.180311
-0.338446
-0.006194
0.143251
0.039255
-0.045331
0.156000
0.326014
-0.180180
0.419365
0.439350
0.032694
0.296785
0.345978
0.015500
-0.037000
-0.276891
0.229108
-0.413600
-0.101993
-0.123820
-0.197384
-0.445321
-0.016588
0.062000
-0.162920
0.187263
-0.056142
0.293007
-0.244264
-0.016679
-0.029204
0.134162
-0.360000
0.114803
0.032247
-0.218458
-0.668392
0.104395
-0.154559
-0.489132
0.065686
0.506000
0.061910
-0.302848
0.369276
0.371343
0.071381
-0.003844
0.626187
-0.055566
0.808000
-0.133117
-0.029586
-0.234938
0.301308
0.030533
0.253662
-0.171196
-0.166270
0.116000
0.590332
-0.051418
0.309776
-0.105606
-0.144456
-0.155781
0.254255
0.092918
0.556000
-0.395483
0.037035
-0.440679
-0.296391
0.352771
0.016827
-0.081737
0.162301
-0.081000
0.157526
0.156734
0.178609
-0.128184
0.057741
-0.258622
0.180139
0.016272
0.325000
-0.433359
-0.104949
-0.223757
0.152217
0.143280
0.258047
0.073585
-0.079977
0.231000
0.108740
0.093310
0.399091
0.007944
-0.346177
-0.085580
-0.169660
-0.146935
-0.533000
0.105136
-0.453874
-0.055295
0.162016
0.148944
-0.086117
0.123041
0.169907
-0.435000
-0.303038
0.516577
0.105240
-0.287992
-0.309955
-0.020468
-0.162702
-0.403030
-0.976000
0.234812
-0.005154
-0.181646
0.163429
0.198205
0.041001
0.056723
0.382387
-0.281000
-0.129751
0.195010
0.191162
0.154544
-0.094698
-0.170642
-0.304997
-0.129666
-0.407000
0.409384
-0.091685
0.105063
0.170330
0.126255
0.101105
0.696307
0.125267
0.255000
-0.242315
-0.179667
-0.184913
-0.238687
-0.330841
0.222062
-0.473319
-0.092318
-0.587000
0.498165
0.029235
-0.245293
-0.243478
0.370708
-0.052736
0.009655
-0.150393
-0.712000
-0.767856
-0.226845
0.285897
0.070112
-0.613242
-0.262247
-0.348156
0.236018
0.549000
0.327611
0.375330
-0.184649
0.224921
0.347894
0.144882
0.374543
-0.109223
-0.619000
-0.136056
0.189920
0.141255
0.174500
-0.376673
0.168089
-0.188977
-0.078265
0.958000
0.237815
-0.262704
-0.082954
-0.109807
0.401132
0.507225
0.208190
0.150299
-0.353000
-0.018207
-0.179044
-0.053654
-0.075272
-0.046198
-0.555994
-0.136819
0.020949
-0.213000
0.527027
-0.275072
-0.087538
-0.067034
0.096368
-0.359244
0.309265
0.031648
-0.486000
-0.530729
0.253291
0.334933
-0.159868
-0.202748
-0.086352
-0.324280
-0.074927
-0.807000
-0.153031
0.203923
-0.143290
0.233306
0.225608
0.530182
0.019922
-0.268380
-0.440000
-0.150981
0.073941
0.105321
0.344644
0.151347
-0.555373
-0.004198
0.051371
0.487000
0.220480
-0.388399
-0.361947
-0.091876
0.240030
0.788169
0.404665
0.134464
-0.399000
-0.011998
0.019129
0.348739
-0.424639
-0.230328
-0.335697
-0.365972
0.082372
0.256000
-0.013302
0.156206
-0.137037
-0.359072
-0.298214
0.391094
-0.223214
-0.185086
-0.033000
-0.052185
-0.280228
0.174208
0.329963
0.091341
-0.284010
-0.050568
-0.198061
-0.253000
0.071776
0.139764
0.030071
0.166608
0.101746
-0.040198
0.287641
0.180112
-0.934000
-0.306279
-0.087339
-0.085749
0.264088
-0.102434
0.131824
-0.098599
0.599939
-0.152000
0.164715
0.173389
0.267813
-0.279545
0.167492
-0.367827
0.051268
-0.522134
-0.049000
0.296828
-0.193358
-0.205152
-0.005292
-0.097564
0.257708
0.094985
-0.092532
-0.370000
-0.058558
0.159993
-0.070245
0.154925
0.200648
-0.175923
0.142102
-0.233454
0.727000
0.222617
-0.345822
-0.041023
-0.172821
-0.178204
0.527888
-0.279615
0.226015
-0.083000
-0.138982
0.068383
-0.003616
-0.045460
0.059037
-0.277181
0.142333
0.074295
0.610000
-0.338219
-0.163479
-0.262811
-0.009847
-0.026970
0.339235
0.207851
0.081782
-0.054000
-0.105797
0.345329
0.629588
0.130906
0.202206
0.167118
-0.431633
-0.176400
0.610000
0.230651
-0.245792
-0.329248
-0.055285
-0.018895
-0.516002
0.301991
-0.059822
0.586000
-0.115167
-0.106343
0.247641
0.097060
0.122248
-0.137201
-0.013965
-0.393249
0.622000
0.289556
-0.095558
-0.012959
-0.079126
-0.113293
0.112979
-0.211194
0.533389
0.795000
-0.058620
0.108540
-0.231053
-0.115966
-0.227517
0.053754
0.393746
0.007558
-0.925000
0.066706
0.045184
-0.121724
-0.014183
0.250996
-0.107969
0.108377
0.156595
0.325000
0.100491
-0.023529
-0.053439
0.175536
-0.481499
0.124973
0.167176
-0.235193
0.604000
-0.273774
0.174830
0.205454
-0.068619
0.296392
0.051295
-0.416891
-0.103604
-0.968000
0.189078
-0.192838
0.034967
0.225308
0.076661
-0.377582
0.038187
-0.077392
-0.940000
-0.041373
0.255347
-0.204186
-0.502169
0.342403
-0.032013
-0.370125
-0.145100
-0.326000
-0.078958
-0.174104
0.173008
0.148869
-0.138314
0.371136
0.328928
0.103418
0.747000
0.051051
-0.269027
0.058397
0.208616
-0.190462
0.103313
-0.011857
0.018188
-0.579000
-0.023023
0.376925
0.047317
-0.025730
-0.007636
0.130003
0.039581
-0.041801
0.867000
-0.060634
-0.122829
-0.241270
-0.124974
0.240562
-0.240973
-0.007943
0.054714
-0.488000
-0.044550
0.268703
0.161410
-0.195904
0.147336
0.238444
0.049870
-0.136284
-0.375000
-0.252688
-0.728279
-0.417280
0.094049
0.012313
-0.004964
0.458189
0.279035
-0.137000
0.220624
0.496154
0.532319
0.104859
-0.350623
-0.050693
-0.483819
-0.463088
0.803000
-0.098002
-0.012739
-0.069098
-0.013116
0.028492
0.049481
-0.117850
0.046497
0.426000
-0.013613
0.030216
0.324959
0.198020
-0.238037
-0.202013
0.021950
-0.143608
0.625000
0.148838
-0.170696
-0.583822
-0.145329
0.289100
0.281565
0.156653
0.366096
-0.513000
0.175543
0.239334
-0.316417
-0.147578
-0.373983
0.290006
-0.002966
-0.063381
0.119000
-0.107772
0.042435
0.593995
0.073595
0.433045
-0.377537
0.136324
-0.011147
0.897000
-0.038961
-0.294618
-0.194376
0.031117
-0.065674
-0.021597
-0.226479
0.048209
-0.840000
-0.261910
0.109244
0.102648
0.077764
0.099837
0.100336
0.066029
-0.279003
-0.742000
0.408017
-0.566434
-0.357771
-0.241441
-0.237345
-0.386976
-0.393786
0.484918
0.014000
0.034236
0.381276
0.175133
0.053994
0.301108
0.284835
0.484494
-0.236187
-0.081000
0.160561
-0.213194
0.015443
0.258118
-0.159035
-0.246250
-0.009411
0.366276
-0.118000
-0.364336
0.573611
0.441336
-0.194210
0.206359
0.366790
0.336534
-0.477788
0.603000
0.060346
-0.368186
-0.310202
0.016048
-0.267374
-0.114943
-0.584294
0.325721
-0.579000
0.075850
-0.020887
0.168390
0.001627
0.002914
-0.332071
-0.054450
0.138206
-0.035000
-0.010472
0.030984
-0.417605
-0.418632
0.430841
-0.346306
0.140471
0.177155
-0.246000
0.094036
0.085236
0.281323
0.345858
-0.341711
0.664930
0.110218
-0.610876
0.222000
0.171947
-0.088006
0.127040
-0.337245
0.232245
0.316465
-0.052040
-0.543409
0.108000
0.095726
0.108482
-0.323192
0.871999
-0.022668
0.078408
-0.195587
-0.001021
0.177000
-0.283441
-0.088091
0.210647
-0.474787
-0.186650
-0.538595
0.059847
0.796774
-0.484000
-0.315021
0.050601
-0.378518
-0.023434
0.553390
0.199874
0.011490
0.001206
0.352000
0.082293
0.475468
0.643706
-0.239298
-0.955088
-0.280453
-0.269618
-0.005893
-0.974000
0.193442
-0.421068
-0.308438
0.272936
0.310128
0.206334
0.370906
-0.208597
0.955000
0.226645
0.082927
0.161573
0.049729
-0.627098
-0.295651
0.287707
0.096384
0.099000
0.000193
-0.002598
0.107365
0.092753
0.418010
0.022467
-0.328770
0.155285
0.633000
-0.223249
0.064280
-0.355520
-0.124352
0.108487
0.103043
-0.029549
0.036954
-0.263000
-0.012933
0.221361
-0.124181
-0.048751
0.131566
-0.154170
0.124187
-0.151236
-0.682000
0.007485
-0.420862
-0.285082
-0.036342
0.076626
0.437071
0.415673
0.066098
0.539000
-0.049767
0.132408
0.383024
-0.024842
-0.058047
-0.072147
-0.504109
-0.060404
0.340000
-0.335262
-0.073123
0.247486
0.155851
0.007148
-0.024946
-0.337671
0.132424
-0.959000
0.488338
0.267583
-0.240297
-0.368413
-0.153943
-0.071159
0.109413
-0.181031
0.728000
-0.097451
-0.100075
0.059661
0.363142
-0.058957
-0.079555
0.145258
0.167417
-0.280000
0.358851
0.692631
-0.081875
-0.341294
-0.188819
-0.511318
-0.015168
0.242151
0.903000
-0.324404
-0.647037
0.085941
0.338652
-0.201822
0.326157
-0.088317
-0.181736
0.428000
-0.017901
0.075704
-0.003396
0.048716
0.279116
0.302229
-0.055803
0.019998
0.684000
-0.176858
-0.049084
-0.045733
0.162684
-0.008590
-0.066451
0.245257
-0.217816
0.707000
0.162573
-0.055466
0.227398
-0.022612
0.079047
0.197085
-0.192873
0.021050
-0.041000
-0.046409
0.051936
-0.301253
-0.174302
0.084776
-0.222469
0.060079
0.277393
-0.026000
0.307780
0.074820
-0.002050
0.203880
-0.022294
-0.031527
-0.439835
0.059508
-0.868000
-0.087308
-0.155209
0.036351
-0.387665
0.419289
-0.182400
-0.035012
0.100612
-0.735000
-0.199326
0.050870
-0.034014
0.083371
-0.483089
0.245692
0.522980
-0.072377
0.860000
-0.127413
-0.166474
0.031611
-0.021163
-0.202158
0.319203
0.397347
0.112325
0.030000
-0.157161
0.160621
0.046982
-0.038650
-0.405247
-0.191540
0.328579
-0.056339
-0.836000
0.205585
0.029280
-0.123226
0.185026
0.673949
-0.338370
-0.713499
0.146517
-0.903000
-0.234942
0.251086
-0.079867
0.033832
0.230969
-0.288392
0.087053
-0.181211
0.883000
0.338781
-0.209590
0.209385
-0.048325
0.093307
0.459262
-0.393314
0.087043
0.358000
0.006498
0.036197
0.139651
-0.042155
-0.519903
-0.019256
0.128070
-0.084052
0.076000
0.062476
-0.069542
-0.019737
0.081610
-0.320524
0.112295
-0.031044
0.061472
-0.133000
-0.188354
0.228188
-0.079013
0.109189
0.217985
-0.346701
-0.037677
-0.429788
-0.667000
0.186936
-0.071420
-0.091073
-0.150738
0.278120
0.132633
0.008976
0.472372
-0.227000
0.093543
-0.085171
-0.035212
0.147916
0.020519
-0.005814
-0.007536
-0.110928
0.520000
0.067470
0.035771
0.329785
-0.358054
0.134543
-0.221367
0.048303
0.257481
0.788000
-0.236824
0.296749
-0.143440
0.113262
-0.417438
0.365384
-0.127413
-0.289408
0.513000
0.167270
-0.257664
0.104385
-0.373110
0.170531
0.101567
-0.154293
-0.034041
-0.015000
-0.056118
-0.021189
-0.305909
0.517025
-0.185732
-0.034162
0.288058
-0.006373
-0.686000
-0.051052
0.194420
0.155881
-0.078020
0.198348
-0.279341
-0.035985
0.014463
0.873000
-0.354254
0.439026
0.040966
0.193318
-0.178091
-0.043462
-0.005088
-0.040783
0.234000
0.266315
-0.180025
-0.062364
-0.070983
0.046314
0.166042
-0.053726
0.160614
-0.335000
0.039784
-0.293262
0.180490
-0.025073
0.075509
-0.066514
-0.086000
-0.184550
-0.603000
0.061931
-0.259517
-0.272988
0.248626
0.432261
0.059492
0.120797
-0.114106
0.606000
-0.273522
-0.013533
0.170670
-0.274889
-0.098488
0.025203
-0.107822
0.182962
-0.593000
0.168735
0.281175
-0.080160
-0.120665
-0.048796
-0.028188
0.108293
-0.188262
-0.284000
-0.313798
0.224626
-0.170021
-0.003249
-0.291800
0.106182
0.029547
-0.152062
-0.536000
0.362396
-0.098658
0.164062
0.167956
0.226761
-0.093443
0.081995
-0.175999
-0.862000
-0.025093
-0.008220
-0.003291
-0.050659
0.070180
-0.240598
-0.294959
0.451982
-0.425000
-0.166936
0.020921
0.290716
-0.036523
0.117385
-0.029059
0.187747
0.023672
0.233000
0.033589
-0.036299
-0.190058
-0.249905
-0.214745
0.198301
-0.196173
0.272872
-0.172000
0.278633
0.077192
-0.186276
0.150667
-0.016009
0.094748
0.096352
-0.468672
0.002000
0.307252
-0.213170
-0.040298
-0.105469
-0.457771
0.110737
-0.004692
0.285071
-0.318000
0.022457
0.196481
-0.087164
0.090780
0.330681
-0.147565
-0.155422
-0.195798
0.152000
-0.342781
-0.096103
0.305068
0.104728
0.101942
0.020930
0.042422
-0.056655
-0.520000
-0.284094
-0.002090
0.140271
-0.199335
0.604459
0.164925
-0.373604
-0.304178
-0.542000
-0.149964
-0.089151
0.121055
0.270395
-0.673606
-0.009738
0.511812
0.115441
0.734000
0.236730
0.301951
-0.336337
-0.234619
0.134746
-0.135946
-0.099210
0.212340
-0.149000
0.072716
0.021476
-0.113735
0.002231
-0.109526
-0.062952
0.171814
-0.042722
-0.307000
-0.171862
-0.081421
0.305559
0.076141
0.399291
0.034669
-0.662019
0.094212
0.492000
0.145199
-0.215120
-0.042218
0.009749
-0.128624
-0.267688
0.413796
0.092124
0.608000
0.533727
-0.271147
-0.154445
0.187427
-0.160754
-0.266637
0.615294
0.271917
0.637000
-0.387724
0.281354
0.165148
-0.184527
-0.212662
0.300321
-0.397009
-0.310757
0.609000
-0.101418
-0.010615
-0.104057
-0.068485
0.221613
0.253527
-0.192002
-0.059545
0.289000
-0.124096
-0.577582
-0.407150
0.054602
0.157581
-0.042672
0.612835
0.056847
-0.081000
0.129600
0.541535
0.554990
-0.031712
-0.181368
0.057770
-0.424049
-0.002232
-0.066000
-0.078966
-0.040639
-0.242987
-0.000451
0.146226
-0.231918
0.035907
-0.053350
-0.340000
0.072752
0.010458
0.147281
-0.101410
0.207099
0.182421
-0.339236
-0.132883
-0.791000
-0.026205
-0.173005
0.085679
0.070476
0.028837
-0.084740
0.255016
-0.062026
0.206000
0.221975
0.242917
-0.116855
0.018926
-0.451518
0.096215
-0.181830
0.103252
0.106000
-0.029518
0.231441
-0.546282
-0.095418
-0.291782
0.169849
0.493705
-0.104515
-0.954000
-0.564139
-0.052006
0.427718
0.192511
0.256482
-0.007601
-0.336292
0.186098
-0.137000
0.161662
-0.044601
0.086796
-0.014466
0.131037
-0.001626
-0.121754
-0.266809
0.861000
-0.539211
0.078945
-0.004042
-0.187297
0.477277
-0.337420
-0.212321
0.114578
-0.805000
1.132499
-0.263144
0.217600
0.325647
-0.294515
0.482638
0.193201
-0.422274
0.322000
-0.284185
-0.111274
-0.078699
-0.171130
-0.326728
-0.062499
0.096911
0.234356
-0.211000
0.319387
0.000650
0.115605
-0.128063
0.256125
0.075047
-0.303172
0.038909
-0.960000
-0.611417
-0.116663
-0.512983
-0.103172
-0.198773
-0.360394
0.433900
0.054967
-0.464000
0.045680
0.363550
-0.100828
0.226884
0.447038
0.043251
0.054364
-0.097149
0.334000
0.031257
0.160622
-0.031343
0.005504
-0.233335
-0.135689
0.052612
0.045074
-0.643000
0.150015
0.557165
0.378089
0.206956
-0.248175
-0.290098
-0.134950
0.241407
-0.521000
-0.092585
-0.826241
0.001009
-0.324999
0.186208
0.511912
-0.041629
-0.224902
-0.728000
-0.060087
-0.123143
-0.070152
0.189299
0.116820
0.350560
-0.102874
-0.240909
-0.921000
0.166840
-0.284940
0.141380
-0.506690
-0.122299
-0.109220
-0.411581
0.372480
-0.392000
-0.194154
0.334037
-0.258832
0.506711
0.250702
-0.405366
0.437365
0.073000
0.734000
0.048072
0.050021
-0.147044
0.193895
-0.150783
-0.107116
0.573992
-0.062945
-0.520000
-0.031958
0.358934
-0.030194
0.157036
0.289930
-0.137100
-0.184684
-0.001145
-0.545000
0.116735
-0.449441
0.325023
-0.382630
-0.409929
0.503940
-0.346843
-0.070851
-0.310000
-0.154584
-0.320035
0.382913
0.217428
0.217338
0.037283
0.111624
0.083816
-0.757000
0.030011
-0.147083
-0.163184
-0.295605
-0.069493
-0.143119
0.091680
-0.357540
-0.319000
0.102798
0.485856
-0.257399
-0.041116
0.132751
-0.001161
-0.229711
0.317297
-0.024000
0.081462
0.254270
-0.077664
-0.255669
-0.522658
-0.131543
-0.568835
0.278298
0.855000
-0.221378
0.347744
-0.015571
-0.035503
0.116824
0.318286
0.308463
-0.163612
0.216000
0.232847
-0.268199
0.033788
0.358837
-0.010592
-0.207003
0.291209
-0.162291
0.946000
0.202617
-0.244535
0.431998
0.030439
0.010524
0.466349
0.279129
0.191487
-0.582000
0.113149
-0.133597
-0.382129
0.120847
0.131020
-0.851956
-0.239932
-0.040256
0.634000
-0.444969
0.143256
0.051181
-0.213357
-0.119106
0.605935
0.093388
-0.270542
-0.213000
0.362775
-0.088857
-0.295407
-0.204700
0.079269
-0.480979
0.098275
0.030126
0.373000
-0.382238
-0.043371
0.453581
0.167253
-0.154122
0.442613
0.086272
-0.077601
-0.249000
0.013836
-0.077181
-0.183572
0.154010
0.030929
-0.060404
-0.131401
0.266477
-0.547000
-0.170195
0.068133
-0.422812
0.181509
-0.098355
-0.087720
0.314312
-0.306510
0.418000
-0.009217
0.022171
0.288880
-0.002782
0.512847
0.073578
-0.536595
0.150386
-0.869000
0.325442
0.167354
-0.026235
-0.265302
-0.321662
-0.030276
0.073449
0.122383
0.034000
0.048032
0.375453
0.683682
-0.048954
0.129044
-0.159220
-0.363965
-0.018560
-0.967000
-0.065674
-0.422278
-1.098323
-0.192719
-0.405066
0.378722
0.814054
0.416654
-0.284000
0.083112
-0.116675
0.466603
0.296457
0.310459
-0.443997
-0.359925
-0.281620
-0.368000
0.132286
-0.054973
-0.053205
-0.192185
0.146027
0.224926
-0.289502
-0.045932
-0.126000
-0.020142
0.554775
0.029949
0.046525
-0.095568
-0.201065
0.257829
-0.306781
-0.420000
-0.077138
-0.299603
0.029016
0.048376
-0.308415
0.298016
-0.034871
0.221530
-0.799000
-0.420666
0.036779
-0.066819
0.193076
-0.358251
0.135605
0.120510
-0.255479
-0.769000
0.193360
-0.201073
0.435913
0.144360
0.359726
0.151689
-0.253874
0.077369
-0.063000
0.070033
0.046707
-0.258575
-0.252257
0.123492
-0.283348
0.229265
0.134903
0.877000
0.050512
0.370827
0.247795
0.210920
-0.117655
0.076843
-0.380727
-0.143762
-0.360000
-0.257423
-0.155811
0.030030
-0.097142
0.378428
-0.121809
-0.117515
0.268759
0.312000
0.261393
-0.354039
-0.226722
-0.084645
-0.179170
0.359293
0.299570
-0.244737
0.533000
-0.148974
-0.002350
-0.415459
-0.145911
0.321611
-0.271211
0.374778
0.189047
-0.729000
0.558490
-0.420044
-0.066704
0.048883
-0.541715
-0.055780
0.044810
-0.060061
-0.496000
-0.680129
0.698506
0.481349
0.093837
0.139112
-0.110527
-0.132071
-0.008439
-0.136000
0.063194
-0.434918
0.670283
-0.129278
-0.103375
0.114221
0.017632
0.014246
-0.686000
0.113066
0.699118
-0.188624
0.190185
0.071465
-0.068780
-0.196767
-0.418456
0.689000
0.149187
-0.560756
-0.502430
-0.145191
0.117328
-0.139254
0.110301
0.633289
-0.321000
0.141861
0.241171
-0.393994
0.034911
-0.189926
0.069127
0.067384
-0.189446
0.680000
-0.448416
-0.066868
0.195669
-0.269871
0.123711
-0.223503
-0.082346
0.070758
0.853000
0.191651
-0.079208
0.295044
0.275284
0.034453
0.128536
-0.046668
0.098531
0.874000
0.136091
0.002991
0.490189
0.503165
-0.526984
0.241903
-0.045379
-0.218369
-0.550000
-0.080715
-0.133543
0.118911
-0.133203
0.240237
-0.023592
0.049192
0.014638
0.312000
0.009417
0.073200
-0.388696
-0.303924
0.005254
-0.004960
-0.037125
0.138513
0.604000
-0.077991
-0.300561
-0.394717
-0.669821
0.173123
-0.099319
0.149824
0.371605
0.786000
0.061925
-0.026122
-0.019979
0.455146
0.318170
0.388596
-0.402738
-0.189668
-0.566000
0.054573
0.336379
0.172535
0.186380
-0.228863
-0.423059
0.335658
-0.248131
-0.413000
-0.074271
0.214229
0.015013
0.269676
0.184499
0.072416
0.305571
-0.249881
-0.928000
-0.197516
0.000436
0.183139
-0.115910
-0.274958
-0.145991
-0.007248
0.196439
-0.411000
0.090679
-0.192968
-0.033641
-0.225313
-0.074871
0.213856
-0.332993
0.095793
-0.817000
-0.167483
-0.021242
-0.130504
-0.112754
-0.141755
0.163848
-0.167549
-0.056560
-0.361000
-0.101363
-0.132274
-0.194811
0.122582
0.110046
-0.214977
0.189039
0.257203
0.153000
0.475572
0.131278
0.088530
-0.002689
0.185557
0.056637
-0.028690
-0.327123
0.124000
0.149793
-0.192410
0.062353
-0.143754
-0.172109
0.179448
-0.160858
0.250620
-0.572000
0.499447
0.241528
-0.036583
0.015511
-0.346537
-0.113431
0.062272
0.092742
-0.009000
-0.825754
-0.010728
0.139017
0.185342
0.327114
-0.185573
0.252126
-0.294895
0.205000
0.100035
0.144229
0.047363
-0.018548
0.359583
-0.075937
0.113682
-0.250012
0.117000
-0.159973
-0.404238
0.027054
-0.008901
0.352051
-0.175785
-0.054278
0.114602
-0.587000
0.117014
0.030484
-0.217871
-0.079235
-0.430580
0.493217
-0.181753
0.140280
0.623000
-0.401403
-0.170580
-0.298447
0.085500
-0.086651
0.166471
-0.097596
-0.119038
-0.384000
0.238753
0.525545
0.269829
-0.089331
0.095539
0.311372
0.126804
-0.461002
0.470000
0.224840
-0.158838
0.097791
0.070138
0.068899
-0.751463
-0.049964
0.561391
0.268000
-0.113638
0.059661
0.043656
0.023310
0.015603
-0.191341
-0.178185
0.001635
0.829000
-0.109219
-0.127991
-0.010304
0.065166
0.216880
0.483671
-0.211712
0.247344
-0.853000
0.122148
0.062822
-0.001940
-0.124760
-0.329224
-0.028745
0.347381
-0.197369
-0.613000
0.038299
0.367293
0.184091
-0.078069
0.000596
0.114920
0.069957
-0.201206
0.681000
0.099647
-0.302360
0.055350
-0.037638
-0.584027
-0.303049
0.269878
0.187631
-0.950000
-0.089255
-0.007143
-0.311706
0.054521
0.571154
-0.009450
-0.182544
-0.034339
0.052000
0.278241
-0.181237
-0.389515
-0.122066
0.215147
-0.318269
0.476855
0.286473
0.449000
-0.146976
0.033996
0.566988
0.321534
0.204480
0.224694
-0.858096
-0.596960
0.262000
-0.314850
0.105365
-0.180147
-0.082869
-0.547728
0.330104
0.375567
0.333086
-0.028000
0.023641
-0.094217
0.089451
0.090271
0.041062
-0.117807
-0.199909
-0.224361
-0.971000
-0.053661
-0.005152
-0.274098
0.208099
-0.097476
-0.043966
0.306652
0.369971
0.137000
0.144708
0.085385
0.169872
-0.228711
0.057534
0.075489
-0.194805
-0.112470
0.112000
0.427067
-0.135388
0.111785
0.027818
-0.150583
0.104175
-0.063264
0.417694
-0.908000
-0.349021
0.075365
-0.072478
-0.335515
-0.239307
-0.214625
0.233338
-0.139691
0.750000
-0.096520
0.177100
-0.147099
0.193422
0.531324
0.023731
-0.127358
-0.328470